SERIAL_NUMBER,THE_DATE,JOB_NUMBER,APPLICATION_CODE,VEHICLE_CODE,POSITION,AXLE,TREAD_DEPTH_1_BEFORE,TREAD_DEPTH_3_BEFORE,TREAD_DEPTH_1,TREAD_DEPTH_2,TREAD_DEPTH_3,TREAD_USED,DISPOSITION_FROM,DISPOSITION_TO,VEHICLE_HOUR_CLOCK,HOURS,COMMENTS,SAM_DATE,LOCATION_CODE,REMOVAL_REASON,CURRENT_DISPO,ORIG_DISPO,DISPO_FROM,DISPO_TO,OTHER_ID,PATTERN,EXTENDED_DESCRIPTION,PLY,BATCH_CODE,ORIGINAL_TREAD_MM,ORIGINAL_TREAD_1,ORIGINAL_TREAD_3,DATE_RECEIVED,DATE_FIRST_FITTED,LAST_ACTIVITY_DATE,ORIGINAL_COST,FREIGHT_COST,REPAIR_COST,CREDITS_VALUE,CURRENT_TREAD_1,CURRENT_TREAD_2,CURRENT_TREAD_3,CURRENT_AVG_TREAD,ORIGINAL_AVG_TREAD,VEHICLE_CODE,POSITION,AXLE,THE_SIZE,SUPPLIER_NAME,CURRENT_HOUR_CLOCK_READING,MANUFACTURER_NAME
AVB0048S8A,01-01-15 0:00,2502969,789C,408,4,2,69,69,66,,69,1.5,D,C,21360,22,DESCARTADA SIN COMENTARIO DEL TECNICO,1/13/2015 7:59,TS,Y,Scrap/Not Worth Repairing,New,Running,Scrap/Not Worth Repairing,AVB0048S8A,XDR,B4,2*,5.70137E+13,126,126,126,2/28/2009 0:01,02-11-14 0:00,01-01-15 0:00,23201,0,0,0,66,,69,67.5,126,,,,37.00R57,MICHELIN,,MICHELIN
AY3ARA231,9/19/2011 8:00,1992011,789C,403,6,2,53,50,48,,45,5,D,C,4967,188,ROTURA TOTAL POR ESTALLIDO,3/15/2013 14:31,TS,B,Scrap/Not Worth Repairing,New,Running,Scrap/Not Worth Repairing,AY3ARA231,Y523,HRH,68,5.7144E+13,120,120,120,3/25/2009 0:01,04-06-09 0:00,9/19/2011 8:00,36232.9,0,0,0,48,,45,46.5,120,,0,0,40.00X57,BRIDGESTONE,,YOKOHAMA
CVC0210U5A,8/24/2015 23:00,2841222,789C,403,1,1,126,126,126,,126,0,H,D,19707,0,Other Reason,09-02-15 13:13,TS,Other,Scrap/Not Worth Repairing,New,New,Running,CVC0210U5A,XDR,B4,2*,5.70137E+13,126,126,126,8/25/2011 0:01,8/24/2015 23:00,08-02-16 0:00,26256,0,0,0,35,,29,32,126,,,,37.00R57,MICHELIN,,MICHELIN
CVC0210U5A,11-12-15 0:00,2949907,789C,403,1,1,126,126,104,,113,17.5,D,E,21193,1486,Other Reason,11/18/2015 10:21,TS,W,Scrap/Not Worth Repairing,New,Running,Spare,CVC0210U5A,XDR,B4,2*,5.70137E+13,126,126,126,8/25/2011 0:01,8/24/2015 23:00,08-02-16 0:00,26256,0,0,0,35,,29,32,126,,,,37.00R57,MICHELIN,,MICHELIN
CVC0210U5A,11-12-15 12:00,2949907,789C,403,5,2,104,113,104,,113,0,E,D,21193,0,Other Reason,11/18/2015 10:21,TS,Other,Scrap/Not Worth Repairing,New,Spare,Running,CVC0210U5A,XDR,B4,2*,5.70137E+13,126,126,126,8/25/2011 0:01,8/24/2015 23:00,08-02-16 0:00,26256,0,0,0,35,,29,32,126,,,,37.00R57,MICHELIN,,MICHELIN
CVC0210U5A,11/21/2015 0:00,PERIOD END,789C,403,5,2,104,113,99,,99,9.5,D,D,21356,163,Other Reason,11/23/2015 5:37,TS,Other,Scrap/Not Worth Repairing,New,Running,Running,CVC0210U5A,XDR,B4,2*,5.70137E+13,126,126,126,8/25/2011 0:01,8/24/2015 23:00,08-02-16 0:00,26256,0,0,0,35,,29,32,126,,,,37.00R57,MICHELIN,,MICHELIN
CVC0210U5A,11/28/2015 0:00,PERIOD END,789C,403,5,2,99,99,99,,99,0,D,D,21477,121,Other Reason,12-03-15 12:08,TS,Other,Scrap/Not Worth Repairing,New,Running,Running,CVC0210U5A,XDR,B4,2*,5.70137E+13,126,126,126,8/25/2011 0:01,8/24/2015 23:00,08-02-16 0:00,26256,0,0,0,35,,29,32,126,,,,37.00R57,MICHELIN,,MICHELIN
CVC0210U5A,12/19/2015 0:00,PERIOD END,789C,403,5,2,99,99,95,,95,4,D,D,21870,393,Other Reason,12/23/2015 12:38,TS,Other,Scrap/Not Worth Repairing,New,Running,Running,CVC0210U5A,XDR,B4,2*,5.70137E+13,126,126,126,8/25/2011 0:01,8/24/2015 23:00,08-02-16 0:00,26256,0,0,0,35,,29,32,126,,,,37.00R57,MICHELIN,,MICHELIN
CVC0210U5A,01-06-16 0:00,PERIOD END,789C,403,5,2,95,95,79,,88,11.5,D,D,22195,325,Other Reason,01-09-16 8:48,TS,Other,Scrap/Not Worth Repairing,New,Running,Running,CVC0210U5A,XDR,B4,2*,5.70137E+13,126,126,126,8/25/2011 0:01,8/24/2015 23:00,08-02-16 0:00,26256,0,0,0,35,,29,32,126,,,,37.00R57,MICHELIN,,MICHELIN
CVC0210U5A,02-09-16 0:00,PERIOD END,789C,403,5,2,79,88,77,,83,3.5,D,D,22828,633,Other Reason,2/24/2016 12:20,TS,Other,Scrap/Not Worth Repairing,New,Running,Running,CVC0210U5A,XDR,B4,2*,5.70137E+13,126,126,126,8/25/2011 0:01,8/24/2015 23:00,08-02-16 0:00,26256,0,0,0,35,,29,32,126,,,,37.00R57,MICHELIN,,MICHELIN
CVC0210U5A,2/21/2016 0:00,PERIOD END,789C,403,5,2,77,83,76,,82,1,D,D,23028,200,Other Reason,2/24/2016 13:00,TS,Other,Scrap/Not Worth Repairing,New,Running,Running,CVC0210U5A,XDR,B4,2*,5.70137E+13,126,126,126,8/25/2011 0:01,8/24/2015 23:00,08-02-16 0:00,26256,0,0,0,35,,29,32,126,,,,37.00R57,MICHELIN,,MICHELIN
CVC0210U5A,03-05-16 0:00,3082415,789C,403,5,2,76,82,76,,82,0,D,D,23262,234,Other Reason,03-09-16 12:37,TS,Other,Scrap/Not Worth Repairing,New,Running,Running,CVC0210U5A,XDR,B4,2*,5.70137E+13,126,126,126,8/25/2011 0:01,8/24/2015 23:00,08-02-16 0:00,26256,0,0,0,35,,29,32,126,,,,37.00R57,MICHELIN,,MICHELIN
CVC0210U5A,03-09-16 0:00,3076103,789C,403,5,2,76,82,76,,82,0,D,D,23307,45,Other Reason,3/22/2016 12:11,TS,Other,Scrap/Not Worth Repairing,New,Running,Running,CVC0210U5A,XDR,B4,2*,5.70137E+13,126,126,126,8/25/2011 0:01,8/24/2015 23:00,08-02-16 0:00,26256,0,0,0,35,,29,32,126,,,,37.00R57,MICHELIN,,MICHELIN
CVC0210U5A,05-10-16 0:00,3251351,789C,403,5,2,76,82,76,,82,0,D,D,24459,1152,Other Reason,5/18/2016 8:32,TS,Other,Scrap/Not Worth Repairing,New,Running,Running,CVC0210U5A,XDR,B4,2*,5.70137E+13,126,126,126,8/25/2011 0:01,8/24/2015 23:00,08-02-16 0:00,26256,0,0,0,35,,29,32,126,,,,37.00R57,MICHELIN,,MICHELIN
CVC0210U5A,5/28/2016 0:00,PERIOD END,789C,403,5,2,76,82,44,,58,28,D,D,24772,313,Other Reason,06-08-16 9:14,TS,Other,Scrap/Not Worth Repairing,New,Running,Running,CVC0210U5A,XDR,B4,2*,5.70137E+13,126,126,126,8/25/2011 0:01,8/24/2015 23:00,08-02-16 0:00,26256,0,0,0,35,,29,32,126,,,,37.00R57,MICHELIN,,MICHELIN
CVC0210U5A,06-08-16 0:00,3302309,789C,403,5,2,44,58,44,,58,0,D,D,24973,201,Other Reason,06-11-16 12:58,TS,Other,Scrap/Not Worth Repairing,New,Running,Running,CVC0210U5A,XDR,B4,2*,5.70137E+13,126,126,126,8/25/2011 0:01,8/24/2015 23:00,08-02-16 0:00,26256,0,0,0,35,,29,32,126,,,,37.00R57,MICHELIN,,MICHELIN
CVC0210U5A,6/27/2016 0:00,3305680,789C,403,5,2,44,58,44,,58,0,D,D,25281,308,Other Reason,6/29/2016 9:37,TS,Other,Scrap/Not Worth Repairing,New,Running,Running,CVC0210U5A,XDR,B4,2*,5.70137E+13,126,126,126,8/25/2011 0:01,8/24/2015 23:00,08-02-16 0:00,26256,0,0,0,35,,29,32,126,,,,37.00R57,MICHELIN,,MICHELIN
CVC0210U5A,07-07-16 0:00,3338819,789C,403,5,2,44,58,44,,58,0,D,D,25476,195,Other Reason,08-03-16 12:04,TS,Other,Scrap/Not Worth Repairing,New,Running,Running,CVC0210U5A,XDR,B4,2*,5.70137E+13,126,126,126,8/25/2011 0:01,8/24/2015 23:00,08-02-16 0:00,26256,0,0,0,35,,29,32,126,,,,37.00R57,MICHELIN,,MICHELIN
CVC0210U5A,08-02-16 0:00,3380566,789C,403,5,2,44,58,35,,29,19,D,C,25942,466,DEGASTE DE LA BANDA DE RODAMIENTO,8/26/2016 6:13,TS,A,Scrap/Not Worth Repairing,New,Running,Scrap/Not Worth Repairing,CVC0210U5A,XDR,B4,2*,5.70137E+13,126,126,126,8/25/2011 0:01,8/24/2015 23:00,08-02-16 0:00,26256,0,0,0,35,,29,32,126,,,,37.00R57,MICHELIN,,MICHELIN
CVC0214U1A,07-12-14 10:00,2329338,789C,403,4,2,35,50,25,,30,15,D,C,14195,310,DESGASTE TOTAL DE LA BANDA DE RODADURA,7/25/2014 13:45,TS,A,Scrap/Not Worth Repairing,New,Running,Scrap/Not Worth Repairing,CVC0214U1A,XDR,B4,2*,5.70137E+13,126,126,126,8/25/2011 0:01,09-12-12 0:00,07-12-14 10:00,26256,0,0,0,25,,30,27.5,126,,0,0,37.00R57,MICHELIN,,MICHELIN
CVC0215U0A,06-08-16 8:00,3302309,789C,403,3,2,99,94,99,,94,0,E,D,24973,0,Other Reason,06-11-16 12:58,TS,Other,Scrap/Not Worth Repairing,New,Spare,Running,CVC0215U0A,XDR,B4,2*,5.70137E+13,126,126,126,8/25/2011 0:01,11/27/2015 0:00,12-12-16 0:00,26256,0,0,0,36,,41,38.5,126,,,,37.00R57,MICHELIN,,MICHELIN
CVC0215U0A,6/27/2016 0:00,3305680,789C,403,3,2,99,94,99,,94,0,D,D,25281,308,Other Reason,6/29/2016 9:37,TS,Other,Scrap/Not Worth Repairing,New,Running,Running,CVC0215U0A,XDR,B4,2*,5.70137E+13,126,126,126,8/25/2011 0:01,11/27/2015 0:00,12-12-16 0:00,26256,0,0,0,36,,41,38.5,126,,,,37.00R57,MICHELIN,,MICHELIN
CVC0215U0A,07-07-16 0:00,3338819,789C,403,3,2,99,94,99,,94,0,D,D,25476,195,Other Reason,08-03-16 12:04,TS,Other,Scrap/Not Worth Repairing,New,Running,Running,CVC0215U0A,XDR,B4,2*,5.70137E+13,126,126,126,8/25/2011 0:01,11/27/2015 0:00,12-12-16 0:00,26256,0,0,0,36,,41,38.5,126,,,,37.00R57,MICHELIN,,MICHELIN
CVC0215U0A,08-02-16 0:00,3380566,789C,403,3,2,99,94,99,,94,0,D,D,25942,466,Other Reason,8/26/2016 6:13,TS,Other,Scrap/Not Worth Repairing,New,Running,Running,CVC0215U0A,XDR,B4,2*,5.70137E+13,126,126,126,8/25/2011 0:01,11/27/2015 0:00,12-12-16 0:00,26256,0,0,0,36,,41,38.5,126,,,,37.00R57,MICHELIN,,MICHELIN
CVC0215U0A,8/21/2016 0:00,3402556,789C,403,3,2,99,94,99,,94,0,D,D,26317,375,Other Reason,8/27/2016 10:00,TS,Other,Scrap/Not Worth Repairing,New,Running,Running,CVC0215U0A,XDR,B4,2*,5.70137E+13,126,126,126,8/25/2011 0:01,11/27/2015 0:00,12-12-16 0:00,26256,0,0,0,36,,41,38.5,126,,,,37.00R57,MICHELIN,,MICHELIN
CVC0215U0A,8/31/2016 0:00,PERIOD END,789C,403,3,2,99,94,64,,75,27,D,D,26446,129,Other Reason,9/14/2016 14:10,TS,Other,Scrap/Not Worth Repairing,New,Running,Running,CVC0215U0A,XDR,B4,2*,5.70137E+13,126,126,126,8/25/2011 0:01,11/27/2015 0:00,12-12-16 0:00,26256,0,0,0,36,,41,38.5,126,,,,37.00R57,MICHELIN,,MICHELIN
CVC0215U0A,9/15/2016 0:00,PERIOD END,789C,403,3,2,64,75,58,,72,4.5,D,D,26748,302,Other Reason,9/15/2016 7:55,TS,Other,Scrap/Not Worth Repairing,New,Running,Running,CVC0215U0A,XDR,B4,2*,5.70137E+13,126,126,126,8/25/2011 0:01,11/27/2015 0:00,12-12-16 0:00,26256,0,0,0,36,,41,38.5,126,,,,37.00R57,MICHELIN,,MICHELIN
CVC0215U0A,9/26/2016 0:00,6028880,789C,403,3,2,58,72,58,,71,0.5,D,E,26971,223,Other Reason,9/28/2016 14:47,TS,W,Scrap/Not Worth Repairing,New,Running,Spare,CVC0215U0A,XDR,B4,2*,5.70137E+13,126,126,126,8/25/2011 0:01,11/27/2015 0:00,12-12-16 0:00,26256,0,0,0,36,,41,38.5,126,,,,37.00R57,MICHELIN,,MICHELIN
CVC0216U9A,5/30/2015 12:00,2718243,789C,403,2,1,126,126,126,,126,0,H,D,18892,0,Other Reason,06-02-15 9:13,TS,Other,Scrap/Not Worth Repairing,New,New,Running,CVC0216U9A,XDR,B4,2*,5.70137E+13,126,126,126,8/25/2011 0:01,5/30/2015 0:00,5/31/2016 0:00,26256,0,0,0,45,,59,52,126,,,,37.00R57,MICHELIN,,MICHELIN
CVC0216U9A,07-02-15 0:00,PERIOD END,789C,403,2,1,126,126,116,,113,11.5,D,D,19526,634,Other Reason,07-07-15 8:19,TS,Other,Scrap/Not Worth Repairing,New,Running,Running,CVC0216U9A,XDR,B4,2*,5.70137E+13,126,126,126,8/25/2011 0:01,5/30/2015 0:00,5/31/2016 0:00,26256,0,0,0,45,,59,52,126,,,,37.00R57,MICHELIN,,MICHELIN
CVC0216U9A,7/17/2015 0:00,2785266,789C,403,2,1,116,113,116,,113,0,D,D,19637,111,Other Reason,7/21/2015 7:06,TS,Other,Scrap/Not Worth Repairing,New,Running,Running,CVC0216U9A,XDR,B4,2*,5.70137E+13,126,126,126,8/25/2011 0:01,5/30/2015 0:00,5/31/2016 0:00,26256,0,0,0,45,,59,52,126,,,,37.00R57,MICHELIN,,MICHELIN
CVC0216U9A,8/17/2015 0:00,8212015,789C,403,2,1,116,113,116,,113,0,D,E,19637,0,Other Reason,8/21/2015 6:44,TS,W,Scrap/Not Worth Repairing,New,Running,Spare,CVC0216U9A,XDR,B4,2*,5.70137E+13,126,126,126,8/25/2011 0:01,5/30/2015 0:00,5/31/2016 0:00,26256,0,0,0,45,,59,52,126,,,,37.00R57,MICHELIN,,MICHELIN
CVC1039U6A,5/30/2015 12:00,2718243,789C,403,1,1,126,126,126,,126,0,H,D,18892,0,Other Reason,06-02-15 9:13,TS,Other,Scrap/Not Worth Repairing,New,New,Running,CVC1039U6A,XDR,B4,2*,5.70137E+13,126,126,126,8/25/2011 0:01,5/30/2015 0:00,10/27/2015 0:00,26256,0,0,0,93,,98,95.5,126,,,,37.00R57,MICHELIN,,MICHELIN
CVC1039U6A,07-02-15 0:00,PERIOD END,789C,403,1,1,126,126,116,,115,10.5,D,D,19526,634,Other Reason,07-07-15 8:19,TS,Other,Scrap/Not Worth Repairing,New,Running,Running,CVC1039U6A,XDR,B4,2*,5.70137E+13,126,126,126,8/25/2011 0:01,5/30/2015 0:00,10/27/2015 0:00,26256,0,0,0,93,,98,95.5,126,,,,37.00R57,MICHELIN,,MICHELIN
CVC1039U6A,7/17/2015 0:00,2785266,789C,403,1,1,116,115,116,,115,0,D,D,19637,111,Other Reason,7/21/2015 7:06,TS,Other,Scrap/Not Worth Repairing,New,Running,Running,CVC1039U6A,XDR,B4,2*,5.70137E+13,126,126,126,8/25/2011 0:01,5/30/2015 0:00,10/27/2015 0:00,26256,0,0,0,93,,98,95.5,126,,,,37.00R57,MICHELIN,,MICHELIN
CVC1039U6A,8/17/2015 0:00,8212015,789C,403,1,1,116,115,116,,115,0,D,E,19637,0,Other Reason,8/21/2015 6:43,TS,W,Scrap/Not Worth Repairing,New,Running,Spare,CVC1039U6A,XDR,B4,2*,5.70137E+13,126,126,126,8/25/2011 0:01,5/30/2015 0:00,10/27/2015 0:00,26256,0,0,0,93,,98,95.5,126,,,,37.00R57,MICHELIN,,MICHELIN
CVC1050U5A,03-05-16 5:00,3082415,789C,403,4,2,106,108,106,,108,0,E,D,23262,0,Other Reason,03-09-16 12:37,TS,Other,Scrap/Not Worth Repairing,New,Spare,Running,CVC1050U5A,XDR,B4,2*,5.70137E+13,126,126,126,8/25/2011 0:01,3/14/2015 0:00,05-10-16 0:00,26256,0,0,0,30,,44,37,126,,,,37.00R57,MICHELIN,,MICHELIN
CVC1050U5A,03-09-16 0:00,3076103,789C,403,4,2,106,108,106,,108,0,D,D,23307,45,Other Reason,3/22/2016 12:11,TS,Other,Scrap/Not Worth Repairing,New,Running,Running,CVC1050U5A,XDR,B4,2*,5.70137E+13,126,126,126,8/25/2011 0:01,3/14/2015 0:00,05-10-16 0:00,26256,0,0,0,30,,44,37,126,,,,37.00R57,MICHELIN,,MICHELIN
CVC1050U5A,05-10-16 0:00,3251351,789C,403,4,2,106,108,30,,44,70,D,C,24459,1152,CORTE EN LA BANDA DE RODAMIENTO,5/18/2016 8:32,TS,D,Scrap/Not Worth Repairing,New,Running,Scrap/Not Worth Repairing,CVC1050U5A,XDR,B4,2*,5.70137E+13,126,126,126,8/25/2011 0:01,3/14/2015 0:00,05-10-16 0:00,26256,0,0,0,30,,44,37,126,,,,37.00R57,MICHELIN,,MICHELIN
CVC1059U6A,02-11-14 7:00,2168198,789C,408,6,2,43,65,16,,15,38.5,D,C,16439,624,DESGASTE TOTAL DE LA BANDA DE RODADURA,03-07-14 8:45,TS,A,Scrap/Not Worth Repairing,New,Running,Scrap/Not Worth Repairing,CVC1059U6A,XDR,B4,2*,57013700030A00,126,126,126,8/25/2011 0:01,08-12-12 0:00,02-11-14 7:00,26256,0,0,0,16,,15,15.5,126,,0,0,37.00R57,MICHELIN,,MICHELIN
FVC0035U0A,02-11-14 7:00,2168198,789C,408,5,2,46,56,22,,18,31,D,C,16439,624,DESGASTE TOTAL DE LA BANDA DE RODADURA,03-07-14 8:45,TS,A,Scrap/Not Worth Repairing,New,Running,Scrap/Not Worth Repairing,FVC0035U0A,XDR,B4,2*,5.70137E+13,126,126,126,12/26/2011 0:01,10/27/2012 0:00,02-11-14 7:00,27770.19,0,0,0,22,,18,20,126,,0,0,37.00R57,MICHELIN,,MICHELIN
FVC0068U7A,8/24/2015 23:00,2841222,789C,403,3,2,126,126,126,,126,0,H,D,19707,0,Other Reason,09-02-15 13:13,TS,Other,Scrap/Not Worth Repairing,New,New,Running,FVC0068U7A,XDR,B4,2*,5.70137E+13,126,126,126,12/26/2011 0:01,8/24/2015 23:00,6/20/2016 0:00,27770.19,0,0,0,41,,50,45.5,126,,,,37.00R57,MICHELIN,,MICHELIN
FVC0068U7A,11-12-15 0:00,2949907,789C,403,3,2,126,126,126,,126,0,D,D,21193,1486,Other Reason,11/18/2015 10:21,TS,Other,Scrap/Not Worth Repairing,New,Running,Running,FVC0068U7A,XDR,B4,2*,5.70137E+13,126,126,126,12/26/2011 0:01,8/24/2015 23:00,6/20/2016 0:00,27770.19,0,0,0,41,,50,45.5,126,,,,37.00R57,MICHELIN,,MICHELIN
FVC0068U7A,11/21/2015 0:00,PERIOD END,789C,403,3,2,126,126,99,,99,27,D,D,21356,163,Other Reason,11/23/2015 5:37,TS,Other,Scrap/Not Worth Repairing,New,Running,Running,FVC0068U7A,XDR,B4,2*,5.70137E+13,126,126,126,12/26/2011 0:01,8/24/2015 23:00,6/20/2016 0:00,27770.19,0,0,0,41,,50,45.5,126,,,,37.00R57,MICHELIN,,MICHELIN
FVC0068U7A,11/28/2015 0:00,PERIOD END,789C,403,3,2,99,99,96,,99,1.5,D,D,21477,121,Other Reason,12-03-15 12:08,TS,Other,Scrap/Not Worth Repairing,New,Running,Running,FVC0068U7A,XDR,B4,2*,5.70137E+13,126,126,126,12/26/2011 0:01,8/24/2015 23:00,6/20/2016 0:00,27770.19,0,0,0,41,,50,45.5,126,,,,37.00R57,MICHELIN,,MICHELIN
FVC0068U7A,12/19/2015 0:00,PERIOD END,789C,403,3,2,96,99,92,,95,4,D,D,21870,393,Other Reason,12/23/2015 12:38,TS,Other,Scrap/Not Worth Repairing,New,Running,Running,FVC0068U7A,XDR,B4,2*,5.70137E+13,126,126,126,12/26/2011 0:01,8/24/2015 23:00,6/20/2016 0:00,27770.19,0,0,0,41,,50,45.5,126,,,,37.00R57,MICHELIN,,MICHELIN
FVC0068U7A,01-06-16 0:00,PERIOD END,789C,403,3,2,92,95,88,,89,5,D,D,22195,325,Other Reason,01-09-16 8:48,TS,Other,Scrap/Not Worth Repairing,New,Running,Running,FVC0068U7A,XDR,B4,2*,5.70137E+13,126,126,126,12/26/2011 0:01,8/24/2015 23:00,6/20/2016 0:00,27770.19,0,0,0,41,,50,45.5,126,,,,37.00R57,MICHELIN,,MICHELIN
FVC0068U7A,02-09-16 0:00,PERIOD END,789C,403,3,2,88,89,80,,81,8,D,D,22828,633,Other Reason,2/24/2016 12:20,TS,Other,Scrap/Not Worth Repairing,New,Running,Running,FVC0068U7A,XDR,B4,2*,5.70137E+13,126,126,126,12/26/2011 0:01,8/24/2015 23:00,6/20/2016 0:00,27770.19,0,0,0,41,,50,45.5,126,,,,37.00R57,MICHELIN,,MICHELIN
FVC0068U7A,2/21/2016 0:00,PERIOD END,789C,403,3,2,80,81,76,,78,3.5,D,D,23028,200,Other Reason,2/24/2016 13:00,TS,Other,Scrap/Not Worth Repairing,New,Running,Running,FVC0068U7A,XDR,B4,2*,5.70137E+13,126,126,126,12/26/2011 0:01,8/24/2015 23:00,6/20/2016 0:00,27770.19,0,0,0,41,,50,45.5,126,,,,37.00R57,MICHELIN,,MICHELIN
FVC0068U7A,03-05-16 0:00,3082415,789C,403,3,2,76,78,76,,78,0,D,D,23262,234,Other Reason,03-09-16 12:37,TS,Other,Scrap/Not Worth Repairing,New,Running,Running,FVC0068U7A,XDR,B4,2*,5.70137E+13,126,126,126,12/26/2011 0:01,8/24/2015 23:00,6/20/2016 0:00,27770.19,0,0,0,41,,50,45.5,126,,,,37.00R57,MICHELIN,,MICHELIN
FVC0068U7A,03-09-16 0:00,3076103,789C,403,3,2,76,78,76,,78,0,D,D,23307,45,Other Reason,3/22/2016 12:11,TS,Other,Scrap/Not Worth Repairing,New,Running,Running,FVC0068U7A,XDR,B4,2*,5.70137E+13,126,126,126,12/26/2011 0:01,8/24/2015 23:00,6/20/2016 0:00,27770.19,0,0,0,41,,50,45.5,126,,,,37.00R57,MICHELIN,,MICHELIN
FVC0068U7A,05-10-16 0:00,3251351,789C,403,3,2,76,78,76,,78,0,D,D,24459,1152,Other Reason,5/18/2016 8:32,TS,Other,Scrap/Not Worth Repairing,New,Running,Running,FVC0068U7A,XDR,B4,2*,5.70137E+13,126,126,126,12/26/2011 0:01,8/24/2015 23:00,6/20/2016 0:00,27770.19,0,0,0,41,,50,45.5,126,,,,37.00R57,MICHELIN,,MICHELIN
FVC0068U7A,5/28/2016 0:00,PERIOD END,789C,403,3,2,76,78,48,,52,27,D,D,24772,313,Other Reason,06-08-16 9:14,TS,Other,Scrap/Not Worth Repairing,New,Running,Running,FVC0068U7A,XDR,B4,2*,5.70137E+13,126,126,126,12/26/2011 0:01,8/24/2015 23:00,6/20/2016 0:00,27770.19,0,0,0,41,,50,45.5,126,,,,37.00R57,MICHELIN,,MICHELIN
FVC0068U7A,06-08-16 0:00,3302309,789C,403,3,2,48,52,44,,51,2.5,D,E,24973,201,Other Reason,06-11-16 12:58,TS,W,Scrap/Not Worth Repairing,New,Running,Spare,FVC0068U7A,XDR,B4,2*,5.70137E+13,126,126,126,12/26/2011 0:01,8/24/2015 23:00,6/20/2016 0:00,27770.19,0,0,0,41,,50,45.5,126,,,,37.00R57,MICHELIN,,MICHELIN
FVC0069U6A,4/18/2015 16:00,2671334,789C,403,4,2,84,102,84,,102,0,E,D,18440,0,Other Reason,4/21/2015 10:21,TS,Other,Scrap/Not Worth Repairing,New,Spare,Running,FVC0069U6A,XDR,B4,2*,5.70137E+13,126,126,126,12/26/2011 0:01,10/29/2014 0:00,01-07-16 0:00,27770.19,0,0,0,56,,56,56,126,,,,37.00R57,MICHELIN,,MICHELIN
FVC0069U6A,4/21/2015 0:00,PERIOD END,789C,403,4,2,84,102,67,,81,19,D,D,18487,47,Other Reason,4/21/2015 13:56,TS,Other,Scrap/Not Worth Repairing,New,Running,Running,FVC0069U6A,XDR,B4,2*,5.70137E+13,126,126,126,12/26/2011 0:01,10/29/2014 0:00,01-07-16 0:00,27770.19,0,0,0,56,,56,56,126,,,,37.00R57,MICHELIN,,MICHELIN
FVC0069U6A,5/30/2015 0:00,2718243,789C,403,4,2,67,81,67,,81,0,D,D,18892,405,Other Reason,06-02-15 9:13,TS,Other,Scrap/Not Worth Repairing,New,Running,Running,FVC0069U6A,XDR,B4,2*,5.70137E+13,126,126,126,12/26/2011 0:01,10/29/2014 0:00,01-07-16 0:00,27770.19,0,0,0,56,,56,56,126,,,,37.00R57,MICHELIN,,MICHELIN
FVC0069U6A,07-02-15 0:00,PERIOD END,789C,403,4,2,67,81,67,,76,2.5,D,D,19526,634,Other Reason,07-07-15 8:19,TS,Other,Scrap/Not Worth Repairing,New,Running,Running,FVC0069U6A,XDR,B4,2*,5.70137E+13,126,126,126,12/26/2011 0:01,10/29/2014 0:00,01-07-16 0:00,27770.19,0,0,0,56,,56,56,126,,,,37.00R57,MICHELIN,,MICHELIN
FVC0069U6A,7/17/2015 0:00,2785266,789C,403,4,2,67,76,67,,76,0,D,D,19637,111,Other Reason,7/21/2015 7:06,TS,Other,Scrap/Not Worth Repairing,New,Running,Running,FVC0069U6A,XDR,B4,2*,5.70137E+13,126,126,126,12/26/2011 0:01,10/29/2014 0:00,01-07-16 0:00,27770.19,0,0,0,56,,56,56,126,,,,37.00R57,MICHELIN,,MICHELIN
FVC0069U6A,8/21/2015 0:00,8212015,789C,403,4,2,67,76,67,,76,0,D,E,19637,0,Other Reason,8/21/2015 6:38,TS,W,Scrap/Not Worth Repairing,New,Running,Spare,FVC0069U6A,XDR,B4,2*,5.70137E+13,126,126,126,12/26/2011 0:01,10/29/2014 0:00,01-07-16 0:00,27770.19,0,0,0,56,,56,56,126,,,,37.00R57,MICHELIN,,MICHELIN
FVC0070U5A,03-05-15 0:00,2613474,789C,403,4,2,84,87,84,,87,0,D,D,17856,1124,Other Reason,03-11-15 16:03,TS,Other,Scrap/Not Worth Repairing,New,Running,Running,FVC0070U5A,XDR,B4,2*,5.70137E+13,126,126,126,12/26/2011 0:01,09-05-13 0:00,4/18/2015 10:00,27770.19,0,0,0,60,,65,62.5,126,,,,37.00R57,MICHELIN,,MICHELIN
FVC0070U5A,03-11-15 0:00,PERIOD END,789C,403,4,2,84,87,71,,75,12.5,D,D,17982,126,Other Reason,3/20/2015 13:12,TS,Other,Scrap/Not Worth Repairing,New,Running,Running,FVC0070U5A,XDR,B4,2*,5.70137E+13,126,126,126,12/26/2011 0:01,09-05-13 0:00,4/18/2015 10:00,27770.19,0,0,0,60,,65,62.5,126,,,,37.00R57,MICHELIN,,MICHELIN
FVC0070U5A,4/18/2015 10:00,2671334,789C,403,4,2,71,75,60,,65,10.5,D,C,18440,458,CORTES PROFUNDO EN EL FLANCO,4/21/2015 10:21,TS,P,Scrap/Not Worth Repairing,New,Running,Scrap/Not Worth Repairing,FVC0070U5A,XDR,B4,2*,5.70137E+13,126,126,126,12/26/2011 0:01,09-05-13 0:00,4/18/2015 10:00,27770.19,0,0,0,60,,65,62.5,126,,,,37.00R57,MICHELIN,,MICHELIN
FVC0074U1A,1/30/2016 8:00,3047316,789C,408,6,2,68,75,68,,75,0,E,D,27552,0,Other Reason,03-09-16 11:59,TS,Other,Spare,New,Spare,Running,FVC0074U1A,XDR,B4,2*,5.70137E+13,126,126,126,12/26/2011 0:01,6/20/2015 0:00,4/23/2016 0:00,27770.19,0,0,0,50,,56,53,126,,,,37.00R57,MICHELIN,,MICHELIN
FVC0074U1A,2/22/2016 0:00,3031399,789C,408,6,2,68,75,68,,75,0,D,D,27862,310,Other Reason,03-09-16 12:05,TS,Other,Spare,New,Running,Running,FVC0074U1A,XDR,B4,2*,5.70137E+13,126,126,126,12/26/2011 0:01,6/20/2015 0:00,4/23/2016 0:00,27770.19,0,0,0,50,,56,53,126,,,,37.00R57,MICHELIN,,MICHELIN
FVC0074U1A,4/14/2016 0:00,2937341,789C,408,6,2,68,75,68,,75,0,D,D,28702,840,Other Reason,06-08-16 12:28,TS,Other,Spare,New,Running,Running,FVC0074U1A,XDR,B4,2*,5.70137E+13,126,126,126,12/26/2011 0:01,6/20/2015 0:00,4/23/2016 0:00,27770.19,0,0,0,50,,56,53,126,,,,37.00R57,MICHELIN,,MICHELIN
FVC0074U1A,4/23/2016 0:00,3217084,789C,408,6,2,68,75,50,,56,18.5,D,E,28884,182,NO TIENE COMENTARIO,06-08-16 12:40,TS,W,Spare,New,Running,Spare,FVC0074U1A,XDR,B4,2*,5.70137E+13,126,126,126,12/26/2011 0:01,6/20/2015 0:00,4/23/2016 0:00,27770.19,0,0,0,50,,56,53,126,,,,37.00R57,MICHELIN,,MICHELIN
FVC0078U7A,7/15/2015 5:00,2779798,789C,408,5,2,73,74,73,,74,0,E,D,24316,0,Other Reason,7/15/2015 5:24,TS,Other,Scrap/Not Worth Repairing,New,Spare,Running,FVC0078U7A,XDR,B4,2*,5.70137E+13,126,126,126,12/26/2011 0:01,9/22/2014 0:00,1/30/2016 0:00,27770.19,0,0,0,20,,29,24.5,126,,,,37.00R57,MICHELIN,,MICHELIN
FVC0078U7A,7/30/2015 0:00,2802838,789C,408,5,2,73,74,73,,74,0,D,D,24379,63,Other Reason,7/31/2015 7:10,TS,Other,Scrap/Not Worth Repairing,New,Running,Running,FVC0078U7A,XDR,B4,2*,5.70137E+13,126,126,126,12/26/2011 0:01,9/22/2014 0:00,1/30/2016 0:00,27770.19,0,0,0,20,,29,24.5,126,,,,37.00R57,MICHELIN,,MICHELIN
FVC0078U7A,8/20/2015 0:00,2831610,789C,408,5,2,73,74,73,,74,0,D,D,24450,71,Other Reason,8/21/2015 7:59,TS,Other,Scrap/Not Worth Repairing,New,Running,Running,FVC0078U7A,XDR,B4,2*,5.70137E+13,126,126,126,12/26/2011 0:01,9/22/2014 0:00,1/30/2016 0:00,27770.19,0,0,0,20,,29,24.5,126,,,,37.00R57,MICHELIN,,MICHELIN
FVC0078U7A,11-04-15 0:00,2950334,789C,408,5,2,73,74,73,,74,0,D,D,26178,1531,Other Reason,12-03-15 4:15,TS,Other,Scrap/Not Worth Repairing,New,Running,Running,FVC0078U7A,XDR,B4,2*,5.70137E+13,126,126,126,12/26/2011 0:01,9/22/2014 0:00,1/30/2016 0:00,27770.19,0,0,0,20,,29,24.5,126,,,,37.00R57,MICHELIN,,MICHELIN
FVC0078U7A,1/30/2016 0:00,3047316,789C,408,5,2,73,74,20,,29,49,D,C,27552,1374,Other Reason,03-09-16 11:59,TS,D,Scrap/Not Worth Repairing,New,Running,Scrap/Not Worth Repairing,FVC0078U7A,XDR,B4,2*,5.70137E+13,126,126,126,12/26/2011 0:01,9/22/2014 0:00,1/30/2016 0:00,27770.19,0,0,0,20,,29,24.5,126,,,,37.00R57,MICHELIN,,MICHELIN
FVC0083U2A,06-02-15 8:00,2727909,789C,408,2,1,126,126,126,,126,0,H,D,23605,0,Other Reason,06-03-15 5:08,TS,Other,Scrap/Not Worth Repairing,New,New,Running,FVC0083U2A,XDR,B4,2*,5.70137E+13,126,126,126,12/26/2011 0:01,06-02-15 0:00,8/14/2016 0:00,27770.19,0,0,0,8,,8,8,126,,,,37.00R57,MICHELIN,,MICHELIN
FVC0083U2A,7/15/2015 0:00,2779798,789C,408,2,1,126,126,126,,126,0,D,D,24316,711,Other Reason,7/15/2015 5:24,TS,Other,Scrap/Not Worth Repairing,New,Running,Running,FVC0083U2A,XDR,B4,2*,5.70137E+13,126,126,126,12/26/2011 0:01,06-02-15 0:00,8/14/2016 0:00,27770.19,0,0,0,8,,8,8,126,,,,37.00R57,MICHELIN,,MICHELIN
FVC0083U2A,7/30/2015 0:00,2802838,789C,408,2,1,126,126,126,,126,0,D,D,24379,63,Other Reason,7/31/2015 7:10,TS,Other,Scrap/Not Worth Repairing,New,Running,Running,FVC0083U2A,XDR,B4,2*,5.70137E+13,126,126,126,12/26/2011 0:01,06-02-15 0:00,8/14/2016 0:00,27770.19,0,0,0,8,,8,8,126,,,,37.00R57,MICHELIN,,MICHELIN
FVC0083U2A,8/20/2015 0:00,2831610,789C,408,2,1,126,126,126,,126,0,D,D,24450,71,Other Reason,8/21/2015 7:59,TS,Other,Scrap/Not Worth Repairing,New,Running,Running,FVC0083U2A,XDR,B4,2*,5.70137E+13,126,126,126,12/26/2011 0:01,06-02-15 0:00,8/14/2016 0:00,27770.19,0,0,0,8,,8,8,126,,,,37.00R57,MICHELIN,,MICHELIN
FVC0083U2A,11-04-15 0:00,2950334,789C,408,2,1,126,126,100,,100,26,D,E,26178,1531,Other Reason,12-03-15 4:15,TS,W,Scrap/Not Worth Repairing,New,Running,Spare,FVC0083U2A,XDR,B4,2*,5.70137E+13,126,126,126,12/26/2011 0:01,06-02-15 0:00,8/14/2016 0:00,27770.19,0,0,0,8,,8,8,126,,,,37.00R57,MICHELIN,,MICHELIN
FVC0083U2A,4/14/2016 8:00,2937341,789C,408,3,2,100,100,100,,100,0,E,D,28702,0,Other Reason,06-08-16 12:28,TS,Other,Scrap/Not Worth Repairing,New,Spare,Running,FVC0083U2A,XDR,B4,2*,5.70137E+13,126,126,126,12/26/2011 0:01,06-02-15 0:00,8/14/2016 0:00,27770.19,0,0,0,8,,8,8,126,,,,37.00R57,MICHELIN,,MICHELIN
FVC0083U2A,4/23/2016 0:00,3217084,789C,408,3,2,100,100,100,,100,0,D,D,28884,182,Other Reason,06-08-16 12:40,TS,Other,Scrap/Not Worth Repairing,New,Running,Running,FVC0083U2A,XDR,B4,2*,5.70137E+13,126,126,126,12/26/2011 0:01,06-02-15 0:00,8/14/2016 0:00,27770.19,0,0,0,8,,8,8,126,,,,37.00R57,MICHELIN,,MICHELIN
FVC0083U2A,05-01-16 0:00,3096243,789C,408,3,2,100,100,56,,66,39,D,E,28999,115,Other Reason,06-08-16 12:47,TS,W,Scrap/Not Worth Repairing,New,Running,Spare,FVC0083U2A,XDR,B4,2*,5.70137E+13,126,126,126,12/26/2011 0:01,06-02-15 0:00,8/14/2016 0:00,27770.19,0,0,0,8,,8,8,126,,,,37.00R57,MICHELIN,,MICHELIN
GLH1255F9A,10-10-12 8:00,1668038,789C,408,5,2,49,70,49,,70,0,D,C,10390,0,CEPARACION INTERNA CON DANO TOTAL DEL BUTILO.,3/15/2013 16:27,TS,D,Scrap/Not Worth Repairing,New,Running,Scrap/Not Worth Repairing,GLH1255F9A,XDR,B4,2*,5.70137E+13,126,126,126,3/23/2009 0:01,9/15/2011 0:00,10-10-12 8:00,23201,0,0,0,49,,70,59.5,126,,0,0,37.00R57,MICHELIN,,MICHELIN
GLH1273F1A,12-11-11 7:00,1376615,789C,408,1,1,126,126,102,,101,24.5,D,C,6665,1478,Other Reason,8/24/2016 12:36,TS,D,Scrap/Not Worth Repairing,New,Running,Scrap/Not Worth Repairing,GLH1273F1A,XDR,B4,2*,5.70137E+13,126,126,126,3/23/2009 0:01,9/15/2011 0:00,12-11-11 7:00,23201,0,0,0,102,,101,101.5,126,,0,0,37.00R57,MICHELIN,,MICHELIN
GLK0048A7A,08-02-16 8:00,3380566,789C,403,5,2,102,104,102,,104,0,E,D,25942,0,Other Reason,8/26/2016 6:13,TS,Other,Scrap/Not Worth Repairing,New,Spare,Running,GLK0048A7A,XDR2,B4  E4R TL,**,5.70137E+13,130,130,130,3/22/2013 0:01,1/25/2016 0:00,10/16/2016 0:00,28051,0,0,0,80,,84,82,130,,,,37.00R57,MICHELIN,,MICHELIN
GLK0048A7A,8/21/2016 0:00,3402556,789C,403,5,2,102,104,102,,104,0,D,D,26317,375,Other Reason,8/27/2016 10:00,TS,Other,Scrap/Not Worth Repairing,New,Running,Running,GLK0048A7A,XDR2,B4  E4R TL,**,5.70137E+13,130,130,130,3/22/2013 0:01,1/25/2016 0:00,10/16/2016 0:00,28051,0,0,0,80,,84,82,130,,,,37.00R57,MICHELIN,,MICHELIN
GLK0048A7A,8/31/2016 0:00,PERIOD END,789C,403,5,2,102,104,90,,95,10.5,D,D,26446,129,Other Reason,9/14/2016 14:10,TS,Other,Scrap/Not Worth Repairing,New,Running,Running,GLK0048A7A,XDR2,B4  E4R TL,**,5.70137E+13,130,130,130,3/22/2013 0:01,1/25/2016 0:00,10/16/2016 0:00,28051,0,0,0,80,,84,82,130,,,,37.00R57,MICHELIN,,MICHELIN
GLK0048A7A,9/15/2016 0:00,PERIOD END,789C,403,5,2,90,95,82,,87,8,D,D,26748,302,Other Reason,9/15/2016 7:55,TS,Other,Scrap/Not Worth Repairing,New,Running,Running,GLK0048A7A,XDR2,B4  E4R TL,**,5.70137E+13,130,130,130,3/22/2013 0:01,1/25/2016 0:00,10/16/2016 0:00,28051,0,0,0,80,,84,82,130,,,,37.00R57,MICHELIN,,MICHELIN
GLK0048A7A,9/26/2016 0:00,6028880,789C,403,5,2,82,87,80,,87,1,D,E,26971,223,Other Reason,9/28/2016 14:47,TS,W,Scrap/Not Worth Repairing,New,Running,Spare,GLK0048A7A,XDR2,B4  E4R TL,**,5.70137E+13,130,130,130,3/22/2013 0:01,1/25/2016 0:00,10/16/2016 0:00,28051,0,0,0,80,,84,82,130,,,,37.00R57,MICHELIN,,MICHELIN
GLK2356S7A,8/31/2016 8:00,3402600,789D,422,1,1,123,123,123,,123,0,H,D,24714,0,Other Reason,10/18/2016 13:17,TS,Other,Running,New,New,Running,GLK2356S7A,XDR2,E4R   B,**,5.7014E+13,123,123,123,07-04-16 0:01,8/31/2016 0:00,02-05-17 0:00,17000,0,0,0,74,,80,77,123,422,3,2,40.00R57,MICHELIN,27571,MICHELIN
GLK2356S7A,9/14/2016 0:00,PERIOD END,789D,422,1,1,123,123,116,,119,5.5,D,D,24975,261,Other Reason,9/15/2016 6:58,TS,Other,Running,New,Running,Running,GLK2356S7A,XDR2,E4R   B,**,5.7014E+13,123,123,123,07-04-16 0:01,8/31/2016 0:00,02-05-17 0:00,17000,0,0,0,74,,80,77,123,422,3,2,40.00R57,MICHELIN,27571,MICHELIN
GLK2356S7A,9/17/2016 0:00,6026975,789D,422,1,1,116,119,116,,119,0,D,D,25023,48,Other Reason,9/21/2016 9:03,TS,Other,Running,New,Running,Running,GLK2356S7A,XDR2,E4R   B,**,5.7014E+13,123,123,123,07-04-16 0:01,8/31/2016 0:00,02-05-17 0:00,17000,0,0,0,74,,80,77,123,422,3,2,40.00R57,MICHELIN,27571,MICHELIN
GLK2356S7A,9/24/2016 0:00,6037864,789D,422,1,1,116,119,116,,119,0,D,D,25175,152,Other Reason,9/28/2016 9:13,TS,Other,Running,New,Running,Running,GLK2356S7A,XDR2,E4R   B,**,5.7014E+13,123,123,123,07-04-16 0:01,8/31/2016 0:00,02-05-17 0:00,17000,0,0,0,74,,80,77,123,422,3,2,40.00R57,MICHELIN,27571,MICHELIN
GLK2356S7A,9/25/2016 0:00,PERIOD END,789D,422,1,1,116,119,112,,116,3.5,D,D,25195,20,Other Reason,9/28/2016 15:22,TS,Other,Running,New,Running,Running,GLK2356S7A,XDR2,E4R   B,**,5.7014E+13,123,123,123,07-04-16 0:01,8/31/2016 0:00,02-05-17 0:00,17000,0,0,0,74,,80,77,123,422,3,2,40.00R57,MICHELIN,27571,MICHELIN
GLK2356S7A,10-03-16 0:00,3365709,789D,422,1,1,112,116,112,,116,0,D,D,25318,123,Other Reason,10-05-16 8:07,TS,Other,Running,New,Running,Running,GLK2356S7A,XDR2,E4R   B,**,5.7014E+13,123,123,123,07-04-16 0:01,8/31/2016 0:00,02-05-17 0:00,17000,0,0,0,74,,80,77,123,422,3,2,40.00R57,MICHELIN,27571,MICHELIN
GLK2356S7A,10/30/2016 0:00,6060502,789D,422,1,1,112,116,112,,116,0,D,D,25850,532,Other Reason,11-03-16 14:43,TS,Other,Running,New,Running,Running,GLK2356S7A,XDR2,E4R   B,**,5.7014E+13,123,123,123,07-04-16 0:01,8/31/2016 0:00,02-05-17 0:00,17000,0,0,0,74,,80,77,123,422,3,2,40.00R57,MICHELIN,27571,MICHELIN
GLK2356S7A,11-05-16 0:00,6173257,789D,422,1,1,112,116,112,,116,0,D,D,25935,85,Other Reason,11/30/2016 13:48,TS,Other,Running,New,Running,Running,GLK2356S7A,XDR2,E4R   B,**,5.7014E+13,123,123,123,07-04-16 0:01,8/31/2016 0:00,02-05-17 0:00,17000,0,0,0,74,,80,77,123,422,3,2,40.00R57,MICHELIN,27571,MICHELIN
GLK2356S7A,11/26/2016 0:00,6220046,789D,422,1,1,112,116,106,,106,8,D,E,26282,347,Other Reason,12-02-16 5:21,TS,W,Running,New,Running,Spare,GLK2356S7A,XDR2,E4R   B,**,5.7014E+13,123,123,123,07-04-16 0:01,8/31/2016 0:00,02-05-17 0:00,17000,0,0,0,74,,80,77,123,422,3,2,40.00R57,MICHELIN,27571,MICHELIN
GLK2356S7A,11/26/2016 20:00,6220046,789D,422,3,2,106,106,106,,106,0,E,D,26282,0,Other Reason,12-02-16 5:21,TS,Other,Running,New,Spare,Running,GLK2356S7A,XDR2,E4R   B,**,5.7014E+13,123,123,123,07-04-16 0:01,8/31/2016 0:00,02-05-17 0:00,17000,0,0,0,74,,80,77,123,422,3,2,40.00R57,MICHELIN,27571,MICHELIN
GLK2356S7A,12/15/2016 0:00,6265139,789D,422,3,2,106,106,106,,106,0,D,D,26607,325,Other Reason,12/21/2016 8:06,TS,Other,Running,New,Running,Running,GLK2356S7A,XDR2,E4R   B,**,5.7014E+13,123,123,123,07-04-16 0:01,8/31/2016 0:00,02-05-17 0:00,17000,0,0,0,74,,80,77,123,422,3,2,40.00R57,MICHELIN,27571,MICHELIN
GLK2356S7A,12/26/2016 0:00,PERIOD END,789D,422,3,2,106,106,94,,98,10,D,D,26799,192,Other Reason,12/26/2016 5:16,TS,Other,Running,New,Running,Running,GLK2356S7A,XDR2,E4R   B,**,5.7014E+13,123,123,123,07-04-16 0:01,8/31/2016 0:00,02-05-17 0:00,17000,0,0,0,74,,80,77,123,422,3,2,40.00R57,MICHELIN,27571,MICHELIN
GLK2356S7A,02-05-17 0:00,PERIOD END,789D,422,3,2,94,98,74,,80,19,D,D,27571,772,Other Reason,02-09-17 7:48,TS,Other,Running,New,Running,Running,GLK2356S7A,XDR2,E4R   B,**,5.7014E+13,123,123,123,07-04-16 0:01,8/31/2016 0:00,02-05-17 0:00,17000,0,0,0,74,,80,77,123,422,3,2,40.00R57,MICHELIN,27571,MICHELIN
GLL0184A4B,6/26/2015 8:00,2761525,789D,422,1,1,123,123,123,,123,0,H,D,17718,0,Other Reason,07-01-15 5:59,TS,Other,Scrap/Not Worth Repairing,New,New,Running,GLL0184A4B,XDR2,E4R   B,**,5.7014E+13,123,123,123,3/30/2015 0:01,6/26/2015 0:00,10-04-16 0:00,28209,0,0,0,17,,28,22.5,123,,,,40.00R57,MICHELIN,,MICHELIN
GLL0184A4B,6/27/2015 0:00,PERIOD END,789D,422,1,1,123,123,120,,120,3,D,D,17718,0,Other Reason,07-01-15 6:11,TS,Other,Scrap/Not Worth Repairing,New,Running,Running,GLL0184A4B,XDR2,E4R   B,**,5.7014E+13,123,123,123,3/30/2015 0:01,6/26/2015 0:00,10-04-16 0:00,28209,0,0,0,17,,28,22.5,123,,,,40.00R57,MICHELIN,,MICHELIN
GLL0184A4B,07-07-15 0:00,PERIOD END,789D,422,1,1,120,120,116,,116,4,D,D,17900,182,Other Reason,07-07-15 8:26,TS,Other,Scrap/Not Worth Repairing,New,Running,Running,GLL0184A4B,XDR2,E4R   B,**,5.7014E+13,123,123,123,3/30/2015 0:01,6/26/2015 0:00,10-04-16 0:00,28209,0,0,0,17,,28,22.5,123,,,,40.00R57,MICHELIN,,MICHELIN
GLL0184A4B,09-07-15 0:00,PERIOD END,789D,422,1,1,116,116,109,,116,3.5,D,D,18662,762,Other Reason,09-09-15 7:48,TS,Other,Scrap/Not Worth Repairing,New,Running,Running,GLL0184A4B,XDR2,E4R   B,**,5.7014E+13,123,123,123,3/30/2015 0:01,6/26/2015 0:00,10-04-16 0:00,28209,0,0,0,17,,28,22.5,123,,,,40.00R57,MICHELIN,,MICHELIN
GLL0184A4B,10-10-15 0:00,PERIOD END,789D,422,1,1,109,116,100,,100,12.5,D,D,19450,788,Other Reason,10/23/2015 8:47,TS,Other,Scrap/Not Worth Repairing,New,Running,Running,GLL0184A4B,XDR2,E4R   B,**,5.7014E+13,123,123,123,3/30/2015 0:01,6/26/2015 0:00,10-04-16 0:00,28209,0,0,0,17,,28,22.5,123,,,,40.00R57,MICHELIN,,MICHELIN
GLL0184A4B,11/15/2015 0:00,2947544,789D,422,1,1,100,100,100,,100,0,D,E,19451,1,Other Reason,12/18/2015 7:16,TS,W,Scrap/Not Worth Repairing,New,Running,Spare,GLL0184A4B,XDR2,E4R   B,**,5.7014E+13,123,123,123,3/30/2015 0:01,6/26/2015 0:00,10-04-16 0:00,28209,0,0,0,17,,28,22.5,123,,,,40.00R57,MICHELIN,,MICHELIN
GLL0201A7B,10-03-16 4:00,3365709,789D,422,3,2,34,44,34,,44,0,E,D,25318,0,Other Reason,10/18/2016 13:17,TS,Other,Scrap/Not Worth Repairing,New,Spare,Running,GLL0201A7B,XDR2,B4,**,5.7014E+13,120,120,120,3/23/2015 0:01,10/19/2015 0:00,12/21/2016 0:00,27113,0,0,0,13,,23,18,120,,,,40.00R57,MICHELIN,,MICHELIN
GLL0201A7B,10/30/2016 0:00,6060502,789D,422,3,2,34,44,34,,44,0,D,D,25850,532,Other Reason,11-03-16 14:43,TS,Other,Scrap/Not Worth Repairing,New,Running,Running,GLL0201A7B,XDR2,B4,**,5.7014E+13,120,120,120,3/23/2015 0:01,10/19/2015 0:00,12/21/2016 0:00,27113,0,0,0,13,,23,18,120,,,,40.00R57,MICHELIN,,MICHELIN
GLL0201A7B,11-05-16 0:00,6173257,789D,422,3,2,34,44,24,,42,6,D,E,25935,85,Other Reason,11/30/2016 13:48,TS,W,Scrap/Not Worth Repairing,New,Running,Spare,GLL0201A7B,XDR2,B4,**,5.7014E+13,120,120,120,3/23/2015 0:01,10/19/2015 0:00,12/21/2016 0:00,27113,0,0,0,13,,23,18,120,,,,40.00R57,MICHELIN,,MICHELIN
GLL0211A7B,6/26/2015 8:00,2761525,789D,422,2,1,123,123,123,,123,0,H,D,17718,0,Other Reason,07-01-15 5:59,TS,Other,Scrap/Not Worth Repairing,New,New,Running,GLL0211A7B,XDR2,E4R   B,**,5.7014E+13,123,123,123,3/30/2015 0:01,6/26/2015 0:00,12/15/2016 0:00,28209,0,0,0,18,,7,12.5,123,,,,40.00R57,MICHELIN,,MICHELIN
GLL0211A7B,6/27/2015 0:00,PERIOD END,789D,422,2,1,123,123,120,,120,3,D,D,17718,0,Other Reason,07-01-15 6:11,TS,Other,Scrap/Not Worth Repairing,New,Running,Running,GLL0211A7B,XDR2,E4R   B,**,5.7014E+13,123,123,123,3/30/2015 0:01,6/26/2015 0:00,12/15/2016 0:00,28209,0,0,0,18,,7,12.5,123,,,,40.00R57,MICHELIN,,MICHELIN
GLL0211A7B,07-07-15 0:00,PERIOD END,789D,422,2,1,120,120,112,,114,7,D,D,17900,182,Other Reason,07-07-15 8:26,TS,Other,Scrap/Not Worth Repairing,New,Running,Running,GLL0211A7B,XDR2,E4R   B,**,5.7014E+13,123,123,123,3/30/2015 0:01,6/26/2015 0:00,12/15/2016 0:00,28209,0,0,0,18,,7,12.5,123,,,,40.00R57,MICHELIN,,MICHELIN
GLL0211A7B,09-07-15 0:00,PERIOD END,789D,422,2,1,112,114,104,,108,7,D,D,18662,762,Other Reason,09-09-15 7:48,TS,Other,Scrap/Not Worth Repairing,New,Running,Running,GLL0211A7B,XDR2,E4R   B,**,5.7014E+13,123,123,123,3/30/2015 0:01,6/26/2015 0:00,12/15/2016 0:00,28209,0,0,0,18,,7,12.5,123,,,,40.00R57,MICHELIN,,MICHELIN
GLL0211A7B,10-10-15 0:00,PERIOD END,789D,422,2,1,104,108,100,,100,6,D,D,19450,788,Other Reason,10/23/2015 8:47,TS,Other,Scrap/Not Worth Repairing,New,Running,Running,GLL0211A7B,XDR2,E4R   B,**,5.7014E+13,123,123,123,3/30/2015 0:01,6/26/2015 0:00,12/15/2016 0:00,28209,0,0,0,18,,7,12.5,123,,,,40.00R57,MICHELIN,,MICHELIN
GLL0211A7B,12-03-15 0:00,2947544,789D,422,2,1,100,100,100,,100,0,D,E,19451,1,Other Reason,12-03-15 10:15,TS,W,Scrap/Not Worth Repairing,New,Running,Spare,GLL0211A7B,XDR2,E4R   B,**,5.7014E+13,123,123,123,3/30/2015 0:01,6/26/2015 0:00,12/15/2016 0:00,28209,0,0,0,18,,7,12.5,123,,,,40.00R57,MICHELIN,,MICHELIN
GLL0211A7B,11/26/2016 20:00,6220046,789D,422,6,2,28,22,28,,22,0,E,D,26282,0,Other Reason,12-02-16 5:21,TS,Other,Scrap/Not Worth Repairing,New,Spare,Running,GLL0211A7B,XDR2,E4R   B,**,5.7014E+13,123,123,123,3/30/2015 0:01,6/26/2015 0:00,12/15/2016 0:00,28209,0,0,0,18,,7,12.5,123,,,,40.00R57,MICHELIN,,MICHELIN
GLL0211A7B,12/15/2016 0:00,6265139,789D,422,6,2,28,22,18,,7,12.5,D,C,26607,325,FIN DE VIDA UTIL,12/21/2016 8:06,TS,A,Scrap/Not Worth Repairing,New,Running,Scrap/Not Worth Repairing,GLL0211A7B,XDR2,E4R   B,**,5.7014E+13,123,123,123,3/30/2015 0:01,6/26/2015 0:00,12/15/2016 0:00,28209,0,0,0,18,,7,12.5,123,,,,40.00R57,MICHELIN,,MICHELIN
gll0318v8a,05-01-16 16:00,3096243,789C,408,1,1,130,130,130,,130,0,H,D,28999,0,Other Reason,06-08-16 12:47,TS,Other,Running,New,New,Running,gll0318v8a,XDR2,B4  E4R TL,**,5.70137E+13,130,130,130,9/26/2015 0:01,05-01-16 0:00,12/19/2016 0:00,24355,1029,0,0,67,,76,71.5,130,412,3,2,37.00R57,MICHELIN,32107,MICHELIN
gll0318v8a,5/17/2016 0:00,PERIOD END,789C,408,1,1,130,130,125,,125,5,D,D,29149,150,Other Reason,06-11-16 13:19,TS,Other,Running,New,Running,Running,gll0318v8a,XDR2,B4  E4R TL,**,5.70137E+13,130,130,130,9/26/2015 0:01,05-01-16 0:00,12/19/2016 0:00,24355,1029,0,0,67,,76,71.5,130,412,3,2,37.00R57,MICHELIN,32107,MICHELIN
gll0318v8a,6/27/2016 0:00,PERIOD END,789C,408,1,1,125,125,117,,116,8.5,D,D,29742,593,Other Reason,6/29/2016 12:06,TS,Other,Running,New,Running,Running,gll0318v8a,XDR2,B4  E4R TL,**,5.70137E+13,130,130,130,9/26/2015 0:01,05-01-16 0:00,12/19/2016 0:00,24355,1029,0,0,67,,76,71.5,130,412,3,2,37.00R57,MICHELIN,32107,MICHELIN
gll0318v8a,7/23/2016 0:00,PERIOD END,789C,408,1,1,117,116,115,,112,3,D,D,30154,412,Other Reason,08-04-16 6:06,TS,Other,Running,New,Running,Running,gll0318v8a,XDR2,B4  E4R TL,**,5.70137E+13,130,130,130,9/26/2015 0:01,05-01-16 0:00,12/19/2016 0:00,24355,1029,0,0,67,,76,71.5,130,412,3,2,37.00R57,MICHELIN,32107,MICHELIN
gll0318v8a,8/15/2016 0:00,3382628,789C,408,1,1,115,112,110,,108,4.5,D,E,30587,433,Other Reason,8/20/2016 11:49,TS,W,Running,New,Running,Spare,gll0318v8a,XDR2,B4  E4R TL,**,5.70137E+13,130,130,130,9/26/2015 0:01,05-01-16 0:00,12/19/2016 0:00,24355,1029,0,0,67,,76,71.5,130,412,3,2,37.00R57,MICHELIN,32107,MICHELIN
gll0322v4a,8/21/2016 6:00,3402556,789C,403,4,2,107,106,107,,106,0,E,D,26317,0,Other Reason,8/27/2016 10:00,TS,Other,Running,New,Spare,Running,gll0322v4a,XDR2,B4  E4R TL,**,5.70137E+13,130,130,130,9/26/2015 0:01,05-09-16 0:00,1/29/2017 0:00,24355,1029,0,0,39,,44,41.5,130,415,6,2,37.00R57,MICHELIN,28823,MICHELIN
gll0322v4a,8/31/2016 0:00,PERIOD END,789C,403,4,2,107,106,102,,102,4.5,D,D,26446,129,Other Reason,9/14/2016 14:10,TS,Other,Running,New,Running,Running,gll0322v4a,XDR2,B4  E4R TL,**,5.70137E+13,130,130,130,9/26/2015 0:01,05-09-16 0:00,1/29/2017 0:00,24355,1029,0,0,39,,44,41.5,130,415,6,2,37.00R57,MICHELIN,28823,MICHELIN
gll0322v4a,9/15/2016 0:00,PERIOD END,789C,403,4,2,102,102,94,,97,6.5,D,D,26748,302,Other Reason,9/15/2016 7:55,TS,Other,Running,New,Running,Running,gll0322v4a,XDR2,B4  E4R TL,**,5.70137E+13,130,130,130,9/26/2015 0:01,05-09-16 0:00,1/29/2017 0:00,24355,1029,0,0,39,,44,41.5,130,415,6,2,37.00R57,MICHELIN,28823,MICHELIN
gll0322v4a,9/26/2016 0:00,6028880,789C,403,4,2,94,97,94,,97,0,D,E,26971,223,Other Reason,9/28/2016 14:47,TS,W,Running,New,Running,Spare,gll0322v4a,XDR2,B4  E4R TL,**,5.70137E+13,130,130,130,9/26/2015 0:01,05-09-16 0:00,1/29/2017 0:00,24355,1029,0,0,39,,44,41.5,130,415,6,2,37.00R57,MICHELIN,28823,MICHELIN
gll0323v3a,05-01-16 16:00,3096243,789C,408,2,1,130,130,130,,130,0,H,D,28999,0,Other Reason,06-08-16 12:47,TS,Other,Running,New,New,Running,gll0323v3a,XDR2,B4  E4R TL,**,5.70137E+13,130,130,130,9/26/2015 0:01,05-01-16 0:00,1/25/2017 0:00,24355,1029,0,0,53,,65,59,130,417,4,2,37.00R57,MICHELIN,28057,MICHELIN
gll0323v3a,5/17/2016 0:00,PERIOD END,789C,408,2,1,130,130,125,,125,5,D,D,29149,150,Other Reason,06-11-16 13:19,TS,Other,Running,New,Running,Running,gll0323v3a,XDR2,B4  E4R TL,**,5.70137E+13,130,130,130,9/26/2015 0:01,05-01-16 0:00,1/25/2017 0:00,24355,1029,0,0,53,,65,59,130,417,4,2,37.00R57,MICHELIN,28057,MICHELIN
gll0323v3a,6/27/2016 0:00,PERIOD END,789C,408,2,1,125,125,118,,117,7.5,D,D,29742,593,Other Reason,6/29/2016 12:06,TS,Other,Running,New,Running,Running,gll0323v3a,XDR2,B4  E4R TL,**,5.70137E+13,130,130,130,9/26/2015 0:01,05-01-16 0:00,1/25/2017 0:00,24355,1029,0,0,53,,65,59,130,417,4,2,37.00R57,MICHELIN,28057,MICHELIN
gll0323v3a,7/23/2016 0:00,PERIOD END,789C,408,2,1,118,117,111,,113,5.5,D,D,30154,412,Other Reason,08-04-16 6:06,TS,Other,Running,New,Running,Running,gll0323v3a,XDR2,B4  E4R TL,**,5.70137E+13,130,130,130,9/26/2015 0:01,05-01-16 0:00,1/25/2017 0:00,24355,1029,0,0,53,,65,59,130,417,4,2,37.00R57,MICHELIN,28057,MICHELIN
gll0323v3a,8/15/2016 0:00,3382628,789C,408,2,1,111,113,106,,109,4.5,D,E,30587,433,Other Reason,8/20/2016 11:49,TS,W,Running,New,Running,Spare,gll0323v3a,XDR2,B4  E4R TL,**,5.70137E+13,130,130,130,9/26/2015 0:01,05-01-16 0:00,1/25/2017 0:00,24355,1029,0,0,53,,65,59,130,417,4,2,37.00R57,MICHELIN,28057,MICHELIN
GLS0020G0B,6/27/2016 8:00,3305680,789C,403,1,1,130,130,130,,130,0,H,D,25281,0,Other Reason,6/29/2016 9:37,TS,Other,Inspection,New,New,Running,GLS0020G0B,XDR2,B4  E4R TL,**,5.70137E+13,130,130,130,5/19/2016 0:01,6/27/2016 0:00,12/19/2016 0:00,22016,0,0,0,68,,71,69.5,130,,,,37.00R57,,,MICHELIN
GLS0020G0B,07-07-16 0:00,3338819,789C,403,1,1,130,130,130,,130,0,D,D,25476,195,Other Reason,08-03-16 12:04,TS,Other,Inspection,New,Running,Running,GLS0020G0B,XDR2,B4  E4R TL,**,5.70137E+13,130,130,130,5/19/2016 0:01,6/27/2016 0:00,12/19/2016 0:00,22016,0,0,0,68,,71,69.5,130,,,,37.00R57,,,MICHELIN
GLS0020G0B,08-02-16 0:00,3380566,789C,403,1,1,130,130,130,,130,0,D,D,25942,466,Other Reason,8/26/2016 6:13,TS,Other,Inspection,New,Running,Running,GLS0020G0B,XDR2,B4  E4R TL,**,5.70137E+13,130,130,130,5/19/2016 0:01,6/27/2016 0:00,12/19/2016 0:00,22016,0,0,0,68,,71,69.5,130,,,,37.00R57,,,MICHELIN
GLS0020G0B,8/21/2016 0:00,3402556,789C,403,1,1,130,130,130,,130,0,D,D,26317,375,Other Reason,8/27/2016 10:00,TS,Other,Inspection,New,Running,Running,GLS0020G0B,XDR2,B4  E4R TL,**,5.70137E+13,130,130,130,5/19/2016 0:01,6/27/2016 0:00,12/19/2016 0:00,22016,0,0,0,68,,71,69.5,130,,,,37.00R57,,,MICHELIN
GLS0020G0B,8/31/2016 0:00,PERIOD END,789C,403,1,1,130,130,107,,112,20.5,D,D,26446,129,Other Reason,9/14/2016 14:10,TS,Other,Inspection,New,Running,Running,GLS0020G0B,XDR2,B4  E4R TL,**,5.70137E+13,130,130,130,5/19/2016 0:01,6/27/2016 0:00,12/19/2016 0:00,22016,0,0,0,68,,71,69.5,130,,,,37.00R57,,,MICHELIN
GLS0020G0B,9/15/2016 0:00,PERIOD END,789C,403,1,1,107,112,102,,109,4,D,D,26748,302,Other Reason,9/15/2016 7:55,TS,Other,Inspection,New,Running,Running,GLS0020G0B,XDR2,B4  E4R TL,**,5.70137E+13,130,130,130,5/19/2016 0:01,6/27/2016 0:00,12/19/2016 0:00,22016,0,0,0,68,,71,69.5,130,,,,37.00R57,,,MICHELIN
GLS0020G0B,9/26/2016 0:00,6028880,789C,403,1,1,102,109,101,,107,1.5,D,E,26971,223,Other Reason,9/28/2016 14:47,TS,W,Inspection,New,Running,Spare,GLS0020G0B,XDR2,B4  E4R TL,**,5.70137E+13,130,130,130,5/19/2016 0:01,6/27/2016 0:00,12/19/2016 0:00,22016,0,0,0,68,,71,69.5,130,,,,37.00R57,,,MICHELIN
HC4MRA702,9/14/2011 7:00,15092011,789C,408,4,2,47,43,45,,41,2,D,C,5187,134,DESGASTE TOTAL DE LA BANDA DE RODADURA,3/15/2013 16:32,TS,A,Scrap/Not Worth Repairing,New,Running,Scrap/Not Worth Repairing,HC4MRA702,Y523,HRH,68,57144000020A00,120,120,120,5/26/2009 0:01,11/27/2009 0:00,9/14/2011 7:00,36232.9,0,0,0,45,,41,43,120,,0,0,40.00X57,YOKOHAMA,,YOKOHAMA
HC8MRA652,3/24/2012 7:00,1474747,789C,403,6,2,33,44,30,,40,3.5,D,C,7416,145,DESGASTE DE LA BANDA DE RODADURA,3/28/2012 14:41,TS,A,Scrap/Not Worth Repairing,New,Running,Scrap/Not Worth Repairing,HC8MRA652,Y523,HRH,68,5.7144E+13,120,120,120,05-09-09 0:01,10-11-10 0:00,3/24/2012 7:00,36232.9,0,0,0,30,,40,35,120,,0,0,40.00X57,YOKOHAMA,,YOKOHAMA
HLJ0368T4A,6/14/2013 11:00,1913071,789C,403,5,2,44,57,44,,57,0,D,C,13159,0,ESTALLIDO POR EL FLANCO,6/19/2013 10:17,TS,P,Scrap/Not Worth Repairing,New,Running,Scrap/Not Worth Repairing,NLJ0368T4A,XDR,B4,2*,5.70137E+13,126,126,126,4/15/2011 0:01,3/25/2012 0:00,6/14/2013 11:00,23276,0,0,0,44,,57,50.5,126,,0,0,37.00R57,MICHELIN,,MICHELIN
HLJ0414T8A,6/18/2013 10:00,1916881,789C,408,5,2,66,71,66,,71,0,D,A,12510,0,CORTE PASANTE EN FLANCO,6/19/2013 10:41,TS,D,Repair,New,Running,Repair,HLJ0414T8A,XDR,B4,2*,5.70137E+13,126,126,126,4/15/2011 0:01,12-11-11 0:00,6/18/2013 10:00,23276,0,0,0,66,,71,68.5,126,,0,0,37.00R57,MICHELIN,,MICHELIN
HLJ0421T1A,01-01-15 0:00,2502969,789C,408,3,2,67,75,67,,75,0,D,E,21360,22,Other Reason,1/13/2015 7:59,TS,W,Scrap/Not Worth Repairing,New,Running,Spare,HLJ0421T1A,XDR,B4,2*,5.70137E+13,126,126,126,4/15/2011 0:01,02-11-14 0:00,1/26/2015 0:00,23276,0,0,0,64,,75,69.5,126,,,,37.00R57,MICHELIN,,MICHELIN
HLK0225A0A,07-07-16 5:00,3338819,789C,403,4,2,130,130,130,,130,0,H,D,25476,0,Other Reason,08-03-16 12:04,TS,Other,Scrap/Not Worth Repairing,New,New,Running,HLK0225A0A,XDR2,B4  E4R TL,**,5.70137E+13,130,130,130,6/24/2013 0:01,07-07-16 0:00,8/21/2016 0:00,28051,0,0,0,84,,80,82,130,,,,37.00R57,MICHELIN,,MICHELIN
HLK0225A0A,08-02-16 0:00,3380566,789C,403,4,2,130,130,130,,130,0,D,D,25942,466,Other Reason,8/26/2016 6:13,TS,Other,Scrap/Not Worth Repairing,New,Running,Running,HLK0225A0A,XDR2,B4  E4R TL,**,5.70137E+13,130,130,130,6/24/2013 0:01,07-07-16 0:00,8/21/2016 0:00,28051,0,0,0,84,,80,82,130,,,,37.00R57,MICHELIN,,MICHELIN
HLK0225A0A,8/21/2016 0:00,3402556,789C,403,4,2,130,130,84,,80,48,D,C,26317,375,SIN COMENTARIO,8/27/2016 10:00,TS,P,Scrap/Not Worth Repairing,New,Running,Scrap/Not Worth Repairing,HLK0225A0A,XDR2,B4  E4R TL,**,5.70137E+13,130,130,130,6/24/2013 0:01,07-07-16 0:00,8/21/2016 0:00,28051,0,0,0,84,,80,82,130,,,,37.00R57,MICHELIN,,MICHELIN
HLP0997A4A,03-05-15 0:00,2613474,789C,403,3,2,97,95,97,,95,0,D,D,17856,1124,Other Reason,03-11-15 16:03,TS,Other,Scrap/Not Worth Repairing,New,Running,Running,HLP0997A4A,XDR,B4,2*,5.70137E+13,126,126,126,6/15/2012 0:01,1/22/2014 0:00,5/30/2015 0:00,27770.19,0,0,0,25,,30,27.5,126,,,,37.00R57,MICHELIN,,MICHELIN
HLP0997A4A,03-11-15 0:00,PERIOD END,789C,403,3,2,97,95,87,,85,10,D,D,17982,126,Other Reason,3/20/2015 13:12,TS,Other,Scrap/Not Worth Repairing,New,Running,Running,HLP0997A4A,XDR,B4,2*,5.70137E+13,126,126,126,6/15/2012 0:01,1/22/2014 0:00,5/30/2015 0:00,27770.19,0,0,0,25,,30,27.5,126,,,,37.00R57,MICHELIN,,MICHELIN
HLP0997A4A,4/18/2015 10:00,2671334,789C,403,3,2,87,85,87,,85,0,D,D,18440,458,Other Reason,4/21/2015 10:21,TS,Other,Scrap/Not Worth Repairing,New,Running,Running,HLP0997A4A,XDR,B4,2*,5.70137E+13,126,126,126,6/15/2012 0:01,1/22/2014 0:00,5/30/2015 0:00,27770.19,0,0,0,25,,30,27.5,126,,,,37.00R57,MICHELIN,,MICHELIN
HLP0997A4A,4/21/2015 0:00,PERIOD END,789C,403,3,2,87,85,80,,83,4.5,D,D,18487,47,Other Reason,4/21/2015 13:56,TS,Other,Scrap/Not Worth Repairing,New,Running,Running,HLP0997A4A,XDR,B4,2*,5.70137E+13,126,126,126,6/15/2012 0:01,1/22/2014 0:00,5/30/2015 0:00,27770.19,0,0,0,25,,30,27.5,126,,,,37.00R57,MICHELIN,,MICHELIN
HLP0997A4A,5/30/2015 0:00,2718243,789C,403,3,2,80,83,25,,30,54,D,C,18892,405,Other Reason,06-02-15 9:13,TS,A,Scrap/Not Worth Repairing,New,Running,Scrap/Not Worth Repairing,HLP0997A4A,XDR,B4,2*,5.70137E+13,126,126,126,6/15/2012 0:01,1/22/2014 0:00,5/30/2015 0:00,27770.19,0,0,0,25,,30,27.5,126,,,,37.00R57,MICHELIN,,MICHELIN
HLS0029F3A,10-08-16 8:00,6067805,789C,408,6,2,114,114,114,,114,0,E,D,31588,0,Other Reason,10/18/2016 9:32,TS,Other,Running,New,Spare,Running,HLS0029F3A,XDR2,B4  E4R TL,**,5.70137E+13,130,130,130,5/19/2016 0:01,6/27/2016 0:00,1/20/2017 0:00,22016,0,0,0,76,,79,77.5,130,408,6,2,37.00R57,,33360,MICHELIN
HLS0029F3A,10/30/2016 0:00,PERIOD END,789C,408,6,2,114,114,106,,107,7.5,D,D,31974,386,Other Reason,11-04-16 8:00,TS,Other,Running,New,Running,Running,HLS0029F3A,XDR2,B4  E4R TL,**,5.70137E+13,130,130,130,5/19/2016 0:01,6/27/2016 0:00,1/20/2017 0:00,22016,0,0,0,76,,79,77.5,130,408,6,2,37.00R57,,33360,MICHELIN
HLS0029F3A,12-05-16 0:00,PERIOD END,789C,408,6,2,106,107,93,,95,12.5,D,D,32599,625,Other Reason,12-06-16 5:08,TS,Other,Running,New,Running,Running,HLS0029F3A,XDR2,B4  E4R TL,**,5.70137E+13,130,130,130,5/19/2016 0:01,6/27/2016 0:00,1/20/2017 0:00,22016,0,0,0,76,,79,77.5,130,408,6,2,37.00R57,,33360,MICHELIN
HLS0029F3A,12/26/2016 0:00,PERIOD END,789C,408,6,2,93,95,84,,86,9,D,D,32960,361,Other Reason,12/26/2016 14:06,TS,Other,Running,New,Running,Running,HLS0029F3A,XDR2,B4  E4R TL,**,5.70137E+13,130,130,130,5/19/2016 0:01,6/27/2016 0:00,1/20/2017 0:00,22016,0,0,0,76,,79,77.5,130,408,6,2,37.00R57,,33360,MICHELIN
HLS0029F3A,12/27/2016 0:00,6264562,789C,408,6,2,84,86,84,,86,0,D,D,32984,24,Other Reason,12/29/2016 7:40,TS,Other,Running,New,Running,Running,HLS0029F3A,XDR2,B4  E4R TL,**,5.70137E+13,130,130,130,5/19/2016 0:01,6/27/2016 0:00,1/20/2017 0:00,22016,0,0,0,76,,79,77.5,130,408,6,2,37.00R57,,33360,MICHELIN
HLS0029F3A,01-05-17 0:00,PERIOD END,789C,408,6,2,84,86,79,,84,3.5,D,D,33112,128,Other Reason,01-07-17 12:18,TS,Other,Running,New,Running,Running,HLS0029F3A,XDR2,B4  E4R TL,**,5.70137E+13,130,130,130,5/19/2016 0:01,6/27/2016 0:00,1/20/2017 0:00,22016,0,0,0,76,,79,77.5,130,408,6,2,37.00R57,,33360,MICHELIN
HLS0029F3A,1/20/2017 0:00,PERIOD END,789C,408,6,2,79,84,76,,79,4,D,D,33360,248,Other Reason,1/24/2017 7:37,TS,Other,Running,New,Running,Running,HLS0029F3A,XDR2,B4  E4R TL,**,5.70137E+13,130,130,130,5/19/2016 0:01,6/27/2016 0:00,1/20/2017 0:00,22016,0,0,0,76,,79,77.5,130,408,6,2,37.00R57,,33360,MICHELIN
HLS0035F7A,10-08-16 8:00,6067805,789C,408,5,2,114,113,114,,113,0,E,D,31588,0,Other Reason,10/18/2016 9:32,TS,Other,Running,New,Spare,Running,HLS0035F7A,XDR2,B4  E4R TL,**,5.70137E+13,130,130,130,5/19/2016 0:01,6/27/2016 0:00,1/20/2017 0:00,22016,0,0,0,65,,81,73,130,408,5,2,37.00R57,MICHELIN,33360,MICHELIN
HLS0035F7A,10/30/2016 0:00,PERIOD END,789C,408,5,2,114,113,109,,110,4,D,D,31974,386,Other Reason,11-04-16 8:00,TS,Other,Running,New,Running,Running,HLS0035F7A,XDR2,B4  E4R TL,**,5.70137E+13,130,130,130,5/19/2016 0:01,6/27/2016 0:00,1/20/2017 0:00,22016,0,0,0,65,,81,73,130,408,5,2,37.00R57,MICHELIN,33360,MICHELIN
HLS0035F7A,12-05-16 0:00,PERIOD END,789C,408,5,2,109,110,89,,98,16,D,D,32599,625,Other Reason,12-06-16 5:08,TS,Other,Running,New,Running,Running,HLS0035F7A,XDR2,B4  E4R TL,**,5.70137E+13,130,130,130,5/19/2016 0:01,6/27/2016 0:00,1/20/2017 0:00,22016,0,0,0,65,,81,73,130,408,5,2,37.00R57,MICHELIN,33360,MICHELIN
HLS0035F7A,12/26/2016 0:00,PERIOD END,789C,408,5,2,89,98,80,,92,7.5,D,D,32960,361,Other Reason,12/26/2016 14:06,TS,Other,Running,New,Running,Running,HLS0035F7A,XDR2,B4  E4R TL,**,5.70137E+13,130,130,130,5/19/2016 0:01,6/27/2016 0:00,1/20/2017 0:00,22016,0,0,0,65,,81,73,130,408,5,2,37.00R57,MICHELIN,33360,MICHELIN
HLS0035F7A,12/27/2016 0:00,6264562,789C,408,5,2,80,92,80,,92,0,D,D,32984,24,Other Reason,12/29/2016 7:40,TS,Other,Running,New,Running,Running,HLS0035F7A,XDR2,B4  E4R TL,**,5.70137E+13,130,130,130,5/19/2016 0:01,6/27/2016 0:00,1/20/2017 0:00,22016,0,0,0,65,,81,73,130,408,5,2,37.00R57,MICHELIN,33360,MICHELIN
HLS0035F7A,01-05-17 0:00,PERIOD END,789C,408,5,2,80,92,75,,84,6.5,D,D,33112,128,Other Reason,01-07-17 12:18,TS,Other,Running,New,Running,Running,HLS0035F7A,XDR2,B4  E4R TL,**,5.70137E+13,130,130,130,5/19/2016 0:01,6/27/2016 0:00,1/20/2017 0:00,22016,0,0,0,65,,81,73,130,408,5,2,37.00R57,MICHELIN,33360,MICHELIN
HLS0035F7A,1/20/2017 0:00,PERIOD END,789C,408,5,2,75,84,65,,81,6.5,D,D,33360,248,Other Reason,1/24/2017 7:37,TS,Other,Running,New,Running,Running,HLS0035F7A,XDR2,B4  E4R TL,**,5.70137E+13,130,130,130,5/19/2016 0:01,6/27/2016 0:00,1/20/2017 0:00,22016,0,0,0,65,,81,73,130,408,5,2,37.00R57,MICHELIN,33360,MICHELIN
HY8ARA534,9/14/2011 7:00,15092011,789C,408,6,2,46,44,44,,42,2,D,C,5187,134,DESGASTE TOTAL DE LA BANDA DE RODADURA,3/18/2013 13:51,TS,A,Scrap/Not Worth Repairing,New,Running,Scrap/Not Worth Repairing,HY8ARA534,Y523,HRH,68,57144000020A00,120,120,120,3/25/2009 0:01,11/27/2009 0:00,9/14/2011 7:00,36232.9,0,0,0,44,,42,43,120,,0,0,40.00X57,BRIDGESTONE,,YOKOHAMA
JAL0031S9Y,12-04-15 23:00,2978244,789D,422,2,1,123,123,123,,123,0,H,D,19454,0,Other Reason,12/18/2015 8:36,TS,Other,Scrap/Not Worth Repairing,New,New,Running,JAL0031S9Y,XDR2,E4R   B,**,5.7014E+13,123,123,123,8/17/2015 0:01,12-04-15 0:00,9/30/2016 0:00,28209,0,0,0,53,,62,57.5,123,,,,40.00R57,MICHELIN,,MICHELIN
JAL0031S9Y,01-06-16 0:00,PERIOD END,789D,422,2,1,123,123,112,,114,10,D,D,20200,746,Other Reason,01-09-16 10:38,TS,Other,Scrap/Not Worth Repairing,New,Running,Running,JAL0031S9Y,XDR2,E4R   B,**,5.7014E+13,123,123,123,8/17/2015 0:01,12-04-15 0:00,9/30/2016 0:00,28209,0,0,0,53,,62,57.5,123,,,,40.00R57,MICHELIN,,MICHELIN
JAL0031S9Y,03-01-16 0:00,PERIOD END,789D,422,2,1,112,114,104,,104,9,D,D,21373,1173,Other Reason,03-03-16 12:01,TS,Other,Scrap/Not Worth Repairing,New,Running,Running,JAL0031S9Y,XDR2,E4R   B,**,5.7014E+13,123,123,123,8/17/2015 0:01,12-04-15 0:00,9/30/2016 0:00,28209,0,0,0,53,,62,57.5,123,,,,40.00R57,MICHELIN,,MICHELIN
JAL0031S9Y,3/29/2016 0:00,PERIOD END,789D,422,2,1,104,104,102,,101,2.5,D,D,21897,524,Other Reason,3/29/2016 12:57,TS,Other,Scrap/Not Worth Repairing,New,Running,Running,JAL0031S9Y,XDR2,E4R   B,**,5.7014E+13,123,123,123,8/17/2015 0:01,12-04-15 0:00,9/30/2016 0:00,28209,0,0,0,53,,62,57.5,123,,,,40.00R57,MICHELIN,,MICHELIN
JAL0031S9Y,4/14/2016 0:00,PERIOD END,789D,422,2,1,102,101,99,,101,1.5,D,D,22158,261,Other Reason,4/20/2016 9:51,TS,Other,Scrap/Not Worth Repairing,New,Running,Running,JAL0031S9Y,XDR2,E4R   B,**,5.7014E+13,123,123,123,8/17/2015 0:01,12-04-15 0:00,9/30/2016 0:00,28209,0,0,0,53,,62,57.5,123,,,,40.00R57,MICHELIN,,MICHELIN
JAL0031S9Y,4/25/2016 0:00,3096252,789D,422,2,1,99,101,99,,101,0,D,E,22339,181,Other Reason,4/27/2016 8:53,TS,W,Scrap/Not Worth Repairing,New,Running,Spare,JAL0031S9Y,XDR2,E4R   B,**,5.7014E+13,123,123,123,8/17/2015 0:01,12-04-15 0:00,9/30/2016 0:00,28209,0,0,0,53,,62,57.5,123,,,,40.00R57,MICHELIN,,MICHELIN
JLJ0489T3A,03-05-15 0:00,2613474,789C,403,1,1,115,113,115,,113,0,D,D,17856,1124,Other Reason,03-11-15 16:03,TS,Other,Scrap/Not Worth Repairing,New,Running,Running,JLJ0489T3A,XDR,B4,2*,5.70137E+13,126,126,126,07-06-11 0:01,11-02-14 0:00,11-02-15 0:00,23376,0,0,0,88,,89,88.5,126,,,,37.00R57,MICHELIN,,MICHELIN
JLJ0489T3A,03-11-15 0:00,PERIOD END,789C,403,1,1,115,113,108,,106,7,D,D,17982,126,Other Reason,3/20/2015 13:12,TS,Other,Scrap/Not Worth Repairing,New,Running,Running,JLJ0489T3A,XDR,B4,2*,5.70137E+13,126,126,126,07-06-11 0:01,11-02-14 0:00,11-02-15 0:00,23376,0,0,0,88,,89,88.5,126,,,,37.00R57,MICHELIN,,MICHELIN
JLJ0489T3A,4/18/2015 10:00,2671334,789C,403,1,1,108,106,108,,106,0,D,D,18440,458,Other Reason,4/21/2015 10:21,TS,Other,Scrap/Not Worth Repairing,New,Running,Running,JLJ0489T3A,XDR,B4,2*,5.70137E+13,126,126,126,07-06-11 0:01,11-02-14 0:00,11-02-15 0:00,23376,0,0,0,88,,89,88.5,126,,,,37.00R57,MICHELIN,,MICHELIN
JLJ0489T3A,4/21/2015 0:00,PERIOD END,789C,403,1,1,108,106,105,,103,3,D,D,18487,47,Other Reason,4/21/2015 13:56,TS,Other,Scrap/Not Worth Repairing,New,Running,Running,JLJ0489T3A,XDR,B4,2*,5.70137E+13,126,126,126,07-06-11 0:01,11-02-14 0:00,11-02-15 0:00,23376,0,0,0,88,,89,88.5,126,,,,37.00R57,MICHELIN,,MICHELIN
JLJ0489T3A,5/30/2015 0:00,2718243,789C,403,1,1,105,103,101,,100,3.5,D,E,18892,405,Other Reason,09-09-15 8:23,TS,D,Scrap/Not Worth Repairing,New,Running,Spare,JLJ0489T3A,XDR,B4,2*,5.70137E+13,126,126,126,07-06-11 0:01,11-02-14 0:00,11-02-15 0:00,23376,0,0,0,88,,89,88.5,126,,,,37.00R57,MICHELIN,,MICHELIN
JLJ0524T8A,11-12-15 12:00,2949907,789C,403,2,1,126,126,126,,126,0,H,D,21193,0,Other Reason,11/18/2015 10:21,TS,Other,Scrap/Not Worth Repairing,New,New,Running,JLJ0524T8A,XDR,B4,2*,5.70137E+13,126,126,126,07-06-11 0:01,11-12-15 0:00,10/24/2016 0:00,23376,0,0,0,35,,39,37,126,,,,37.00R57,MICHELIN,,MICHELIN
JLJ0524T8A,11/21/2015 0:00,PERIOD END,789C,403,2,1,126,126,115,,118,9.5,D,D,21356,163,Other Reason,11/23/2015 5:37,TS,Other,Scrap/Not Worth Repairing,New,Running,Running,JLJ0524T8A,XDR,B4,2*,5.70137E+13,126,126,126,07-06-11 0:01,11-12-15 0:00,10/24/2016 0:00,23376,0,0,0,35,,39,37,126,,,,37.00R57,MICHELIN,,MICHELIN
JLJ0524T8A,11/28/2015 0:00,PERIOD END,789C,403,2,1,115,118,115,,115,1.5,D,D,21477,121,Other Reason,12-03-15 12:08,TS,Other,Scrap/Not Worth Repairing,New,Running,Running,JLJ0524T8A,XDR,B4,2*,5.70137E+13,126,126,126,07-06-11 0:01,11-12-15 0:00,10/24/2016 0:00,23376,0,0,0,35,,39,37,126,,,,37.00R57,MICHELIN,,MICHELIN
JLJ0524T8A,12/19/2015 0:00,PERIOD END,789C,403,2,1,115,115,109,,113,4,D,D,21870,393,Other Reason,12/23/2015 12:38,TS,Other,Scrap/Not Worth Repairing,New,Running,Running,JLJ0524T8A,XDR,B4,2*,5.70137E+13,126,126,126,07-06-11 0:01,11-12-15 0:00,10/24/2016 0:00,23376,0,0,0,35,,39,37,126,,,,37.00R57,MICHELIN,,MICHELIN
JLJ0524T8A,01-06-16 0:00,PERIOD END,789C,403,2,1,109,113,105,,110,3.5,D,D,22195,325,Other Reason,01-09-16 8:48,TS,Other,Scrap/Not Worth Repairing,New,Running,Running,JLJ0524T8A,XDR,B4,2*,5.70137E+13,126,126,126,07-06-11 0:01,11-12-15 0:00,10/24/2016 0:00,23376,0,0,0,35,,39,37,126,,,,37.00R57,MICHELIN,,MICHELIN
JLJ0524T8A,02-09-16 0:00,PERIOD END,789C,403,2,1,105,110,98,,106,5.5,D,D,22828,633,Other Reason,2/24/2016 12:20,TS,Other,Scrap/Not Worth Repairing,New,Running,Running,JLJ0524T8A,XDR,B4,2*,5.70137E+13,126,126,126,07-06-11 0:01,11-12-15 0:00,10/24/2016 0:00,23376,0,0,0,35,,39,37,126,,,,37.00R57,MICHELIN,,MICHELIN
JLJ0524T8A,2/21/2016 0:00,PERIOD END,789C,403,2,1,98,106,98,,106,0,D,D,23028,200,Other Reason,2/24/2016 13:00,TS,Other,Scrap/Not Worth Repairing,New,Running,Running,JLJ0524T8A,XDR,B4,2*,5.70137E+13,126,126,126,07-06-11 0:01,11-12-15 0:00,10/24/2016 0:00,23376,0,0,0,35,,39,37,126,,,,37.00R57,MICHELIN,,MICHELIN
JLJ0524T8A,03-05-16 0:00,3082415,789C,403,2,1,98,106,98,,106,0,D,D,23262,234,Other Reason,03-09-16 12:37,TS,Other,Scrap/Not Worth Repairing,New,Running,Running,JLJ0524T8A,XDR,B4,2*,5.70137E+13,126,126,126,07-06-11 0:01,11-12-15 0:00,10/24/2016 0:00,23376,0,0,0,35,,39,37,126,,,,37.00R57,MICHELIN,,MICHELIN
JLJ0524T8A,03-08-16 0:00,3076103,789C,403,2,1,98,106,89,,98,8.5,D,E,23307,45,Other Reason,3/22/2016 12:17,TS,W,Scrap/Not Worth Repairing,New,Running,Spare,JLJ0524T8A,XDR,B4,2*,5.70137E+13,126,126,126,07-06-11 0:01,11-12-15 0:00,10/24/2016 0:00,23376,0,0,0,35,,39,37,126,,,,37.00R57,MICHELIN,,MICHELIN
JLJ0527T5A,7/17/2015 4:00,2785266,789C,403,3,2,70,72,70,,72,0,E,D,19637,0,Other Reason,7/21/2015 7:06,TS,Other,Scrap/Not Worth Repairing,New,Spare,Running,JLJ0527T5A,XDR,B4,2*,5.70137E+13,126,126,126,07-06-11 0:01,07-10-14 0:00,11-03-15 0:00,23376,0,0,0,54,,54,54,126,,,,37.00R57,MICHELIN,,MICHELIN
JLJ0527T5A,08-10-15 0:00,8212015,789C,403,3,2,70,72,70,,72,0,D,E,19637,0,Other Reason,8/21/2015 7:52,TS,W,Scrap/Not Worth Repairing,New,Running,Spare,JLJ0527T5A,XDR,B4,2*,5.70137E+13,126,126,126,07-06-11 0:01,07-10-14 0:00,11-03-15 0:00,23376,0,0,0,54,,54,54,126,,,,37.00R57,MICHELIN,,MICHELIN
JLK0175S8A,3/18/2015 0:00,PERIOD END,789D,422,5,2,100,104,82,,93,14.5,D,D,15890,1459,Other Reason,3/20/2015 14:01,TS,Other,Scrap/Not Worth Repairing,New,Running,Running,JLK0175S8A,XDR2,B4,**,5.7014E+13,120,120,120,5/28/2013 0:01,11-01-14 0:00,12/23/2015 0:00,32578,0,0,0,30,,20,25,120,,,,40.00R57,MICHELIN,,MICHELIN
JLK0175S8A,6/26/2015 0:00,2761525,789D,422,5,2,82,93,82,,93,0,D,D,17718,1828,Other Reason,07-01-15 5:59,TS,Other,Scrap/Not Worth Repairing,New,Running,Running,JLK0175S8A,XDR2,B4,**,5.7014E+13,120,120,120,5/28/2013 0:01,11-01-14 0:00,12/23/2015 0:00,32578,0,0,0,30,,20,25,120,,,,40.00R57,MICHELIN,,MICHELIN
JLK0175S8A,6/27/2015 0:00,PERIOD END,789D,422,5,2,82,93,48,,62,32.5,D,D,17718,0,Other Reason,07-01-15 6:11,TS,Other,Scrap/Not Worth Repairing,New,Running,Running,JLK0175S8A,XDR2,B4,**,5.7014E+13,120,120,120,5/28/2013 0:01,11-01-14 0:00,12/23/2015 0:00,32578,0,0,0,30,,20,25,120,,,,40.00R57,MICHELIN,,MICHELIN
JLK0175S8A,07-07-15 0:00,PERIOD END,789D,422,5,2,48,62,46,,56,4,D,D,17900,182,Other Reason,07-07-15 8:26,TS,Other,Scrap/Not Worth Repairing,New,Running,Running,JLK0175S8A,XDR2,B4,**,5.7014E+13,120,120,120,5/28/2013 0:01,11-01-14 0:00,12/23/2015 0:00,32578,0,0,0,30,,20,25,120,,,,40.00R57,MICHELIN,,MICHELIN
JLK0175S8A,09-07-15 0:00,PERIOD END,789D,422,5,2,46,56,31,,45,13,D,D,18662,762,Other Reason,09-09-15 7:48,TS,Other,Scrap/Not Worth Repairing,New,Running,Running,JLK0175S8A,XDR2,B4,**,5.7014E+13,120,120,120,5/28/2013 0:01,11-01-14 0:00,12/23/2015 0:00,32578,0,0,0,30,,20,25,120,,,,40.00R57,MICHELIN,,MICHELIN
JLK0175S8A,10-10-15 0:00,PERIOD END,789D,422,5,2,31,45,30,,43,1.5,D,D,19450,788,Other Reason,10/23/2015 8:47,TS,Other,Scrap/Not Worth Repairing,New,Running,Running,JLK0175S8A,XDR2,B4,**,5.7014E+13,120,120,120,5/28/2013 0:01,11-01-14 0:00,12/23/2015 0:00,32578,0,0,0,30,,20,25,120,,,,40.00R57,MICHELIN,,MICHELIN
JLK0175S8A,12-03-15 0:00,2947544,789D,422,5,2,30,43,30,,43,0,D,E,19451,1,Other Reason,12-03-15 10:15,TS,W,Scrap/Not Worth Repairing,New,Running,Spare,JLK0175S8A,XDR2,B4,**,5.7014E+13,120,120,120,5/28/2013 0:01,11-01-14 0:00,12/23/2015 0:00,32578,0,0,0,30,,20,25,120,,,,40.00R57,MICHELIN,,MICHELIN
JLK0179S4A,3/18/2015 0:00,PERIOD END,789D,422,3,2,105,109,88,,94,16,D,D,15890,1459,Other Reason,3/20/2015 14:01,TS,Other,Scrap/Not Worth Repairing,New,Running,Running,JLK0179S4A,XDR2,B4,**,5.7014E+13,120,120,120,5/28/2013 0:01,11-01-14 22:00,12/23/2015 0:00,32578,0,0,0,45,,38,41.5,120,,,,40.00R57,MICHELIN,,MICHELIN
JLK0179S4A,6/26/2015 0:00,2761525,789D,422,3,2,88,94,88,,94,0,D,D,17718,1828,Other Reason,07-01-15 5:59,TS,Other,Scrap/Not Worth Repairing,New,Running,Running,JLK0179S4A,XDR2,B4,**,5.7014E+13,120,120,120,5/28/2013 0:01,11-01-14 22:00,12/23/2015 0:00,32578,0,0,0,45,,38,41.5,120,,,,40.00R57,MICHELIN,,MICHELIN
JLK0179S4A,6/27/2015 0:00,PERIOD END,789D,422,3,2,88,94,60,,74,24,D,D,17718,0,Other Reason,07-01-15 6:11,TS,Other,Scrap/Not Worth Repairing,New,Running,Running,JLK0179S4A,XDR2,B4,**,5.7014E+13,120,120,120,5/28/2013 0:01,11-01-14 22:00,12/23/2015 0:00,32578,0,0,0,45,,38,41.5,120,,,,40.00R57,MICHELIN,,MICHELIN
JLK0179S4A,07-07-15 0:00,PERIOD END,789D,422,3,2,60,74,58,,73,1.5,D,D,17900,182,Other Reason,07-07-15 8:26,TS,Other,Scrap/Not Worth Repairing,New,Running,Running,JLK0179S4A,XDR2,B4,**,5.7014E+13,120,120,120,5/28/2013 0:01,11-01-14 22:00,12/23/2015 0:00,32578,0,0,0,45,,38,41.5,120,,,,40.00R57,MICHELIN,,MICHELIN
JLK0179S4A,09-07-15 0:00,PERIOD END,789D,422,3,2,58,73,48,,64,9.5,D,D,18662,762,Other Reason,09-09-15 7:48,TS,Other,Scrap/Not Worth Repairing,New,Running,Running,JLK0179S4A,XDR2,B4,**,5.7014E+13,120,120,120,5/28/2013 0:01,11-01-14 22:00,12/23/2015 0:00,32578,0,0,0,45,,38,41.5,120,,,,40.00R57,MICHELIN,,MICHELIN
JLK0179S4A,10-10-15 0:00,PERIOD END,789D,422,3,2,48,64,45,,40,13.5,D,D,19450,788,Other Reason,10/23/2015 8:47,TS,Other,Scrap/Not Worth Repairing,New,Running,Running,JLK0179S4A,XDR2,B4,**,5.7014E+13,120,120,120,5/28/2013 0:01,11-01-14 22:00,12/23/2015 0:00,32578,0,0,0,45,,38,41.5,120,,,,40.00R57,MICHELIN,,MICHELIN
JLK0179S4A,12-03-15 0:00,2947544,789D,422,3,2,45,40,45,,40,0,D,E,19451,1,Other Reason,12-03-15 10:15,TS,W,Scrap/Not Worth Repairing,New,Running,Spare,JLK0179S4A,XDR2,B4,**,5.7014E+13,120,120,120,5/28/2013 0:01,11-01-14 22:00,12/23/2015 0:00,32578,0,0,0,45,,38,41.5,120,,,,40.00R57,MICHELIN,,MICHELIN
JLK0243S0A,3/18/2015 0:00,PERIOD END,789D,422,6,2,107,105,89,,94,14.5,D,D,15890,1459,Other Reason,3/20/2015 14:01,TS,Other,Scrap/Not Worth Repairing,New,Running,Running,JLK0243S0A,XDR2,B4,**,5.7014E+13,120,120,120,5/28/2013 0:01,11-01-14 0:00,12/23/2015 0:00,32578,0,0,0,39,,16,27.5,120,,,,40.00R57,MICHELIN,,MICHELIN
JLK0243S0A,6/26/2015 0:00,2761525,789D,422,6,2,89,94,89,,94,0,D,D,17718,1828,Other Reason,07-01-15 5:59,TS,Other,Scrap/Not Worth Repairing,New,Running,Running,JLK0243S0A,XDR2,B4,**,5.7014E+13,120,120,120,5/28/2013 0:01,11-01-14 0:00,12/23/2015 0:00,32578,0,0,0,39,,16,27.5,120,,,,40.00R57,MICHELIN,,MICHELIN
JLK0243S0A,6/27/2015 0:00,PERIOD END,789D,422,6,2,89,94,56,,66,30.5,D,D,17718,0,Other Reason,07-01-15 6:11,TS,Other,Scrap/Not Worth Repairing,New,Running,Running,JLK0243S0A,XDR2,B4,**,5.7014E+13,120,120,120,5/28/2013 0:01,11-01-14 0:00,12/23/2015 0:00,32578,0,0,0,39,,16,27.5,120,,,,40.00R57,MICHELIN,,MICHELIN
JLK0243S0A,07-07-15 0:00,PERIOD END,789D,422,6,2,56,66,56,,64,1,D,D,17900,182,Other Reason,07-07-15 8:26,TS,Other,Scrap/Not Worth Repairing,New,Running,Running,JLK0243S0A,XDR2,B4,**,5.7014E+13,120,120,120,5/28/2013 0:01,11-01-14 0:00,12/23/2015 0:00,32578,0,0,0,39,,16,27.5,120,,,,40.00R57,MICHELIN,,MICHELIN
JLK0243S0A,09-07-15 0:00,PERIOD END,789D,422,6,2,56,64,44,,52,12,D,D,18662,762,Other Reason,09-09-15 7:48,TS,Other,Scrap/Not Worth Repairing,New,Running,Running,JLK0243S0A,XDR2,B4,**,5.7014E+13,120,120,120,5/28/2013 0:01,11-01-14 0:00,12/23/2015 0:00,32578,0,0,0,39,,16,27.5,120,,,,40.00R57,MICHELIN,,MICHELIN
JLK0243S0A,10-10-15 0:00,PERIOD END,789D,422,6,2,44,52,40,,23,16.5,D,D,19450,788,Other Reason,10/23/2015 8:47,TS,Other,Scrap/Not Worth Repairing,New,Running,Running,JLK0243S0A,XDR2,B4,**,5.7014E+13,120,120,120,5/28/2013 0:01,11-01-14 0:00,12/23/2015 0:00,32578,0,0,0,39,,16,27.5,120,,,,40.00R57,MICHELIN,,MICHELIN
JLK0243S0A,11-03-15 0:00,2947544,789D,422,6,2,40,23,40,,23,0,D,E,19451,1,Other Reason,1/13/2016 10:47,TS,W,Scrap/Not Worth Repairing,New,Running,Spare,JLK0243S0A,XDR2,B4,**,5.7014E+13,120,120,120,5/28/2013 0:01,11-01-14 0:00,12/23/2015 0:00,32578,0,0,0,39,,16,27.5,120,,,,40.00R57,MICHELIN,,MICHELIN
JLK1162S1A,3/18/2015 0:00,PERIOD END,789D,422,1,1,116,117,106,,106,10.5,D,D,15890,1459,Other Reason,3/20/2015 14:01,TS,Other,Scrap/Not Worth Repairing,New,Running,Running,JLK1162S1A,XDR2,B4,**,5.7014E+13,120,120,120,5/28/2013 0:01,12-07-14 0:00,5/30/2016 0:00,32578,0,0,0,30,,20,25,120,,,,40.00R57,MICHELIN,,MICHELIN
JLK1162S1A,6/26/2015 0:00,2761525,789D,422,1,1,106,106,94,,97,10.5,D,E,17718,1828,Other Reason,07-01-15 5:59,TS,W,Scrap/Not Worth Repairing,New,Running,Spare,JLK1162S1A,XDR2,B4,**,5.7014E+13,120,120,120,5/28/2013 0:01,12-07-14 0:00,5/30/2016 0:00,32578,0,0,0,30,,20,25,120,,,,40.00R57,MICHELIN,,MICHELIN
JLP0236A5A,06-02-15 8:00,2727909,789C,408,1,1,126,126,126,,126,0,H,D,23605,0,Other Reason,06-03-15 5:08,TS,Other,Scrap/Not Worth Repairing,New,New,Running,JLP0236A5A,XDR,B4,2*,5.70137E+13,126,126,126,7/26/2012 0:01,06-02-15 0:00,05-01-16 0:00,29340,0,0,0,72,,60,66,126,,,,37.00R57,MICHELIN,,MICHELIN
JLP0236A5A,7/15/2015 0:00,2779798,789C,408,1,1,126,126,126,,126,0,D,D,24316,711,Other Reason,7/15/2015 5:24,TS,Other,Scrap/Not Worth Repairing,New,Running,Running,JLP0236A5A,XDR,B4,2*,5.70137E+13,126,126,126,7/26/2012 0:01,06-02-15 0:00,05-01-16 0:00,29340,0,0,0,72,,60,66,126,,,,37.00R57,MICHELIN,,MICHELIN
JLP0236A5A,7/30/2015 0:00,2802838,789C,408,1,1,126,126,126,,126,0,D,D,24379,63,Other Reason,7/31/2015 7:10,TS,Other,Scrap/Not Worth Repairing,New,Running,Running,JLP0236A5A,XDR,B4,2*,5.70137E+13,126,126,126,7/26/2012 0:01,06-02-15 0:00,05-01-16 0:00,29340,0,0,0,72,,60,66,126,,,,37.00R57,MICHELIN,,MICHELIN
JLP0236A5A,8/20/2015 0:00,2831610,789C,408,1,1,126,126,126,,126,0,D,D,24450,71,Other Reason,8/21/2015 7:58,TS,Other,Scrap/Not Worth Repairing,New,Running,Running,JLP0236A5A,XDR,B4,2*,5.70137E+13,126,126,126,7/26/2012 0:01,06-02-15 0:00,05-01-16 0:00,29340,0,0,0,72,,60,66,126,,,,37.00R57,MICHELIN,,MICHELIN
JLP0236A5A,11-04-15 0:00,2950334,789C,408,1,1,126,126,102,,104,23,D,E,26178,1531,Other Reason,12-03-15 4:15,TS,W,Scrap/Not Worth Repairing,New,Running,Spare,JLP0236A5A,XDR,B4,2*,5.70137E+13,126,126,126,7/26/2012 0:01,06-02-15 0:00,05-01-16 0:00,29340,0,0,0,72,,60,66,126,,,,37.00R57,MICHELIN,,MICHELIN
JLP0236A5A,4/14/2016 8:00,2937341,789C,408,4,2,102,104,102,,104,0,E,D,28702,0,Other Reason,06-08-16 12:28,TS,Other,Scrap/Not Worth Repairing,New,Spare,Running,JLP0236A5A,XDR,B4,2*,5.70137E+13,126,126,126,7/26/2012 0:01,06-02-15 0:00,05-01-16 0:00,29340,0,0,0,72,,60,66,126,,,,37.00R57,MICHELIN,,MICHELIN
JLP0236A5A,4/23/2016 0:00,3217084,789C,408,4,2,102,104,102,,104,0,D,D,28884,182,Other Reason,06-08-16 12:40,TS,Other,Scrap/Not Worth Repairing,New,Running,Running,JLP0236A5A,XDR,B4,2*,5.70137E+13,126,126,126,7/26/2012 0:01,06-02-15 0:00,05-01-16 0:00,29340,0,0,0,72,,60,66,126,,,,37.00R57,MICHELIN,,MICHELIN
JLP0236A5A,05-01-16 0:00,3096243,789C,408,4,2,102,104,72,,60,37,D,C,28999,115,NO TIENE COMENTARIO,06-08-16 12:47,TS,D,Scrap/Not Worth Repairing,New,Running,Scrap/Not Worth Repairing,JLP0236A5A,XDR,B4,2*,5.70137E+13,126,126,126,7/26/2012 0:01,06-02-15 0:00,05-01-16 0:00,29340,0,0,0,72,,60,66,126,,,,37.00R57,MICHELIN,,MICHELIN
JLP0246A5A,5/30/2015 12:00,2718243,789C,403,3,2,100,102,100,,102,0,E,D,18892,0,Other Reason,06-02-15 9:13,TS,Other,Scrap/Not Worth Repairing,New,Spare,Running,JLP0246A5A,XDR,B4,2*,5.70137E+13,126,126,126,6/15/2012 0:01,7/19/2014 0:00,7/17/2015 0:00,27770.19,0,0,0,89,,92,90.5,126,,,,37.00R57,MICHELIN,,MICHELIN
JLP0246A5A,07-02-15 0:00,PERIOD END,789C,403,3,2,100,102,92,,93,8.5,D,D,19526,634,Other Reason,07-07-15 8:19,TS,Other,Scrap/Not Worth Repairing,New,Running,Running,JLP0246A5A,XDR,B4,2*,5.70137E+13,126,126,126,6/15/2012 0:01,7/19/2014 0:00,7/17/2015 0:00,27770.19,0,0,0,89,,92,90.5,126,,,,37.00R57,MICHELIN,,MICHELIN
JLP0246A5A,7/17/2015 0:00,2785266,789C,403,3,2,92,93,89,,92,2,D,C,19637,111,SEPARACION EN EL COSTADO,7/21/2015 7:06,TS,D,Scrap/Not Worth Repairing,New,Running,Scrap/Not Worth Repairing,JLP0246A5A,XDR,B4,2*,5.70137E+13,126,126,126,6/15/2012 0:01,7/19/2014 0:00,7/17/2015 0:00,27770.19,0,0,0,89,,92,90.5,126,,,,37.00R57,MICHELIN,,MICHELIN
KAL0030S0Y,11-04-16 8:00,6184533,789D,434,6,2,59,70,59,,70,0,E,D,20582,0,Other Reason,11-05-16 7:01,TS,Other,Running,New,Spare,Running,KAL0030S0Y,XDR2,E4R   B,**,5.7014E+13,123,123,123,8/17/2015 0:01,12/27/2015 0:00,02-08-17 0:00,28209,0,0,0,36,,40,38,123,434,6,2,40.00R57,MICHELIN,22080,MICHELIN
KAL0030S0Y,01-01-17 0:00,6302821,789D,434,6,2,59,70,59,,70,0,D,D,21566,984,Other Reason,01-02-17 6:01,TS,Other,Running,New,Running,Running,KAL0030S0Y,XDR2,E4R   B,**,5.7014E+13,123,123,123,8/17/2015 0:01,12/27/2015 0:00,02-08-17 0:00,28209,0,0,0,36,,40,38,123,434,6,2,40.00R57,MICHELIN,22080,MICHELIN
KAL0030S0Y,02-08-17 0:00,PERIOD END,789D,434,6,2,59,70,36,,40,26.5,D,D,22080,514,Other Reason,02-09-17 8:00,TS,Other,Running,New,Running,Running,KAL0030S0Y,XDR2,E4R   B,**,5.7014E+13,123,123,123,8/17/2015 0:01,12/27/2015 0:00,02-08-17 0:00,28209,0,0,0,36,,40,38,123,434,6,2,40.00R57,MICHELIN,22080,MICHELIN
KLS0022G0B,12/27/2016 8:00,6264562,789C,408,2,1,130,130,130,,130,0,H,D,32984,0,Other Reason,12/29/2016 7:40,TS,Other,Running,New,New,Running,KLS0022G0B,XDR2,B4  E4R TL,**,5.70137E+13,130,130,130,8/22/2016 0:01,12/27/2016 8:00,1/20/2017 0:00,20928,0,0,0,124,,124,124,130,408,2,1,37.00R57,MICHELIN,33360,MICHELIN
KLS0022G0B,01-05-17 0:00,PERIOD END,789C,408,2,1,130,130,127,,124,4.5,D,D,33112,128,Other Reason,01-07-17 12:18,TS,Other,Running,New,Running,Running,KLS0022G0B,XDR2,B4  E4R TL,**,5.70137E+13,130,130,130,8/22/2016 0:01,12/27/2016 8:00,1/20/2017 0:00,20928,0,0,0,124,,124,124,130,408,2,1,37.00R57,MICHELIN,33360,MICHELIN
KLS0022G0B,1/20/2017 0:00,PERIOD END,789C,408,2,1,127,124,124,,124,1.5,D,D,33360,248,Other Reason,1/24/2017 7:37,TS,Other,Running,New,Running,Running,KLS0022G0B,XDR2,B4  E4R TL,**,5.70137E+13,130,130,130,8/22/2016 0:01,12/27/2016 8:00,1/20/2017 0:00,20928,0,0,0,124,,124,124,130,408,2,1,37.00R57,MICHELIN,33360,MICHELIN
KLS0023G9B,12/27/2016 8:00,6264562,789C,408,1,1,130,130,130,,130,0,H,D,32984,0,Other Reason,12/29/2016 7:40,TS,Other,Running,New,New,Running,KLS0023G9B,XDR2,B4  E4R TL,**,5.70137E+13,130,130,130,8/22/2016 0:01,12/27/2016 8:00,1/20/2017 0:00,20928,0,0,0,124,,124,124,130,408,1,1,37.00R57,MICHELIN,33360,MICHELIN
KLS0023G9B,01-05-17 0:00,PERIOD END,789C,408,1,1,130,130,127,,127,3,D,D,33112,128,Other Reason,01-07-17 12:18,TS,Other,Running,New,Running,Running,KLS0023G9B,XDR2,B4  E4R TL,**,5.70137E+13,130,130,130,8/22/2016 0:01,12/27/2016 8:00,1/20/2017 0:00,20928,0,0,0,124,,124,124,130,408,1,1,37.00R57,MICHELIN,33360,MICHELIN
KLS0023G9B,1/20/2017 0:00,PERIOD END,789C,408,1,1,127,127,124,,124,3,D,D,33360,248,Other Reason,1/24/2017 7:37,TS,Other,Running,New,Running,Running,KLS0023G9B,XDR2,B4  E4R TL,**,5.70137E+13,130,130,130,8/22/2016 0:01,12/27/2016 8:00,1/20/2017 0:00,20928,0,0,0,124,,124,124,130,408,1,1,37.00R57,MICHELIN,33360,MICHELIN
LL00098T4A,06-06-14 7:00,2280715,789C,403,4,2,65,50,45,,50,10,D,C,13885,330,CORTE PROFUNDO CON DANO EN LA CARCASA,6/13/2014 8:43,TS,P,Scrap/Not Worth Repairing,New,Running,Scrap/Not Worth Repairing,LL00098T4A,XDR,B4,2*,5.70137E+13,126,126,126,11-12-10 0:01,3/25/2012 0:00,06-06-14 7:00,23376,0,0,0,45,,50,47.5,126,,0,0,37.00R57,MICHELIN,,MICHELIN
LL00099T3A,01-09-13 7:00,1758990,789C,403,4,2,62,77,61,,77,0.5,D,A,11188,0,CORTE PASANTE EN LA BANDA DE RODADURA,1/21/2013 14:08,TS,D,Scrap/Not Worth Repairing,New,Running,Repair,LL00099T3A,XDR,B4,2*,5.70137E+13,126,126,126,11-12-10 0:01,3/25/2012 0:00,01-02-17 0:00,23376,0,0,0,38,,40,39,126,,,,37.00R57,MICHELIN,,MICHELIN
LL00102T0A,11/25/2014 11:25,2497877,789C,403,3,2,35,48,33,,46,2,D,C,16139,386,SEPARACION CON CABLE ROTOS,12-10-14 14:40,TS,D,Scrap/Not Worth Repairing,New,Running,Scrap/Not Worth Repairing,LL00102T0A,XDR,B4,2*,5.70137E+13,126,126,126,11-12-10 0:01,3/25/2012 0:00,11/25/2014 11:25,23376,0,0,0,33,,46,39.5,126,,,,37.00R57,MICHELIN,,MICHELIN
LLL0057F9Y,6/25/2016 8:00,3288131,789D,434,1,1,123,123,123,,123,0,H,D,18381,0,Other Reason,10/18/2016 13:17,TS,Other,Running,New,New,Running,LLL0057F9Y,XDR2,E4R   B,**,5.7014E+13,123,123,123,01-01-16 0:01,6/25/2016 0:00,02-08-17 0:00,26717,0,0,0,78,,85,81.5,123,434,3,2,40.00R57,MICHELIN,22080,MICHELIN
LLL0057F9Y,09-09-16 0:00,6014275,789D,434,1,1,123,123,123,,123,0,D,D,19667,1286,Other Reason,9/14/2016 9:14,TS,Other,Running,New,Running,Running,LLL0057F9Y,XDR2,E4R   B,**,5.7014E+13,123,123,123,01-01-16 0:01,6/25/2016 0:00,02-08-17 0:00,26717,0,0,0,78,,85,81.5,123,434,3,2,40.00R57,MICHELIN,22080,MICHELIN
LLL0057F9Y,9/21/2016 0:00,6033990,789D,434,1,1,123,123,123,,123,0,D,D,19871,204,Other Reason,9/23/2016 5:58,TS,Other,Running,New,Running,Running,LLL0057F9Y,XDR2,E4R   B,**,5.7014E+13,123,123,123,01-01-16 0:01,6/25/2016 0:00,02-08-17 0:00,26717,0,0,0,78,,85,81.5,123,434,3,2,40.00R57,MICHELIN,22080,MICHELIN
LLL0057F9Y,11-04-16 0:00,6184533,789D,434,1,1,123,123,123,,123,0,D,D,20582,711,Other Reason,11-05-16 7:01,TS,Other,Running,New,Running,Running,LLL0057F9Y,XDR2,E4R   B,**,5.7014E+13,123,123,123,01-01-16 0:01,6/25/2016 0:00,02-08-17 0:00,26717,0,0,0,78,,85,81.5,123,434,3,2,40.00R57,MICHELIN,22080,MICHELIN
LLL0057F9Y,01-01-17 0:00,6302821,789D,434,1,1,123,123,89,,93,32,D,E,21566,984,CAMBIO POR ROTACION,01-02-17 6:01,TS,W,Running,New,Running,Spare,LLL0057F9Y,XDR2,E4R   B,**,5.7014E+13,123,123,123,01-01-16 0:01,6/25/2016 0:00,02-08-17 0:00,26717,0,0,0,78,,85,81.5,123,434,3,2,40.00R57,MICHELIN,22080,MICHELIN
LLL0057F9Y,01-01-17 0:12,6302821,789D,434,3,2,89,93,89,,93,0,E,D,21566,0,CAMBIO POR ROTACION,01-02-17 6:01,TS,Other,Running,New,Spare,Running,LLL0057F9Y,XDR2,E4R   B,**,5.7014E+13,123,123,123,01-01-16 0:01,6/25/2016 0:00,02-08-17 0:00,26717,0,0,0,78,,85,81.5,123,434,3,2,40.00R57,MICHELIN,22080,MICHELIN
LLL0057F9Y,02-08-17 0:00,PERIOD END,789D,434,3,2,89,93,78,,85,9.5,D,D,22080,514,Other Reason,02-09-17 8:00,TS,Other,Running,New,Running,Running,LLL0057F9Y,XDR2,E4R   B,**,5.7014E+13,123,123,123,01-01-16 0:01,6/25/2016 0:00,02-08-17 0:00,26717,0,0,0,78,,85,81.5,123,434,3,2,40.00R57,MICHELIN,22080,MICHELIN
LLL0063F3Y,4/25/2016 8:00,3096252,789D,422,2,1,123,123,123,,123,0,H,D,22339,0,Other Reason,4/27/2016 8:53,TS,Other,Running,New,New,Running,LLL0063F3Y,XDR2,E4R   B,**,5.7014E+13,123,123,123,01-01-16 0:01,4/25/2016 0:00,02-06-17 0:00,26717,0,0,0,61,,63,62,123,423,5,2,40.00R57,MICHELIN,26793,MICHELIN
LLL0063F3Y,5/26/2016 0:00,PERIOD END,789D,422,2,1,123,123,115,,115,8,D,D,22858,519,Other Reason,5/28/2016 13:49,TS,Other,Running,New,Running,Running,LLL0063F3Y,XDR2,E4R   B,**,5.7014E+13,123,123,123,01-01-16 0:01,4/25/2016 0:00,02-06-17 0:00,26717,0,0,0,61,,63,62,123,423,5,2,40.00R57,MICHELIN,26793,MICHELIN
LLL0063F3Y,6/18/2016 0:00,3316781,789D,422,2,1,115,115,115,,115,0,D,D,23333,475,Other Reason,6/25/2016 9:45,TS,Other,Running,New,Running,Running,LLL0063F3Y,XDR2,E4R   B,**,5.7014E+13,123,123,123,01-01-16 0:01,4/25/2016 0:00,02-06-17 0:00,26717,0,0,0,61,,63,62,123,423,5,2,40.00R57,MICHELIN,26793,MICHELIN
LLL0063F3Y,7/19/2016 0:00,3365651,789D,422,2,1,115,115,115,,115,0,D,D,23886,553,Other Reason,7/27/2016 14:40,TS,Other,Running,New,Running,Running,LLL0063F3Y,XDR2,E4R   B,**,5.7014E+13,123,123,123,01-01-16 0:01,4/25/2016 0:00,02-06-17 0:00,26717,0,0,0,61,,63,62,123,423,5,2,40.00R57,MICHELIN,26793,MICHELIN
LLL0063F3Y,8/31/2016 0:00,3402600,789D,422,2,1,115,115,101,,102,13.5,D,E,24714,828,Other Reason,9/14/2016 7:49,TS,W,Running,New,Running,Spare,LLL0063F3Y,XDR2,E4R   B,**,5.7014E+13,123,123,123,01-01-16 0:01,4/25/2016 0:00,02-06-17 0:00,26717,0,0,0,61,,63,62,123,423,5,2,40.00R57,MICHELIN,26793,MICHELIN
LLL0065F1Y,6/25/2016 8:00,3288131,789D,434,2,1,123,123,123,,123,0,H,D,18381,0,Other Reason,10/18/2016 13:17,TS,Other,Running,New,New,Running,LLL0065F1Y,XDR2,E4R   B,**,5.7014E+13,123,123,123,01-01-16 0:01,6/25/2016 0:00,02-08-17 0:00,26717,0,0,0,86,,83,84.5,123,434,4,2,40.00R57,MICHELIN,22080,MICHELIN
LLL0065F1Y,09-09-16 0:00,6014275,789D,434,2,1,123,123,123,,123,0,D,D,19667,1286,Other Reason,9/14/2016 9:14,TS,Other,Running,New,Running,Running,LLL0065F1Y,XDR2,E4R   B,**,5.7014E+13,123,123,123,01-01-16 0:01,6/25/2016 0:00,02-08-17 0:00,26717,0,0,0,86,,83,84.5,123,434,4,2,40.00R57,MICHELIN,22080,MICHELIN
LLL0065F1Y,9/21/2016 0:00,6033990,789D,434,2,1,123,123,123,,123,0,D,D,19871,204,Other Reason,9/23/2016 5:58,TS,Other,Running,New,Running,Running,LLL0065F1Y,XDR2,E4R   B,**,5.7014E+13,123,123,123,01-01-16 0:01,6/25/2016 0:00,02-08-17 0:00,26717,0,0,0,86,,83,84.5,123,434,4,2,40.00R57,MICHELIN,22080,MICHELIN
LLL0065F1Y,11-04-16 0:00,6184533,789D,434,2,1,123,123,123,,123,0,D,D,20582,711,Other Reason,11-05-16 7:01,TS,Other,Running,New,Running,Running,LLL0065F1Y,XDR2,E4R   B,**,5.7014E+13,123,123,123,01-01-16 0:01,6/25/2016 0:00,02-08-17 0:00,26717,0,0,0,86,,83,84.5,123,434,4,2,40.00R57,MICHELIN,22080,MICHELIN
LLL0065F1Y,01-01-17 0:00,6302821,789D,434,2,1,123,123,93,,98,27.5,D,E,21566,984,CAMBIO POR ROTACION,01-02-17 6:01,TS,W,Running,New,Running,Spare,LLL0065F1Y,XDR2,E4R   B,**,5.7014E+13,123,123,123,01-01-16 0:01,6/25/2016 0:00,02-08-17 0:00,26717,0,0,0,86,,83,84.5,123,434,4,2,40.00R57,MICHELIN,22080,MICHELIN
LLL0065F1Y,01-01-17 0:12,6302821,789D,434,4,2,93,98,93,,98,0,E,D,21566,0,CAMBIO POR ROTACION,01-02-17 6:01,TS,Other,Running,New,Spare,Running,LLL0065F1Y,XDR2,E4R   B,**,5.7014E+13,123,123,123,01-01-16 0:01,6/25/2016 0:00,02-08-17 0:00,26717,0,0,0,86,,83,84.5,123,434,4,2,40.00R57,MICHELIN,22080,MICHELIN
LLL0065F1Y,02-08-17 0:00,PERIOD END,789D,434,4,2,93,98,86,,83,11,D,D,22080,514,Other Reason,02-09-17 8:00,TS,Other,Running,New,Running,Running,LLL0065F1Y,XDR2,E4R   B,**,5.7014E+13,123,123,123,01-01-16 0:01,6/25/2016 0:00,02-08-17 0:00,26717,0,0,0,86,,83,84.5,123,434,4,2,40.00R57,MICHELIN,22080,MICHELIN
LLP0037A4A,4/23/2016 8:00,3217084,789C,408,5,2,105,103,105,,103,0,E,D,28884,0,Other Reason,06-08-16 12:40,TS,Other,Scrap/Not Worth Repairing,New,Spare,Running,LLP0037A4A,XDR,B4,2*,5.70137E+13,126,126,126,12-08-12 0:01,12/24/2015 0:00,11-02-16 0:00,27131,0,0,0,42,,55,48.5,126,,,,37.00R57,MICHELIN,,MICHELIN
LLP0037A4A,05-01-16 0:00,3096243,789C,408,5,2,105,103,105,,103,0,D,D,28999,115,Other Reason,06-08-16 12:47,TS,Other,Scrap/Not Worth Repairing,New,Running,Running,LLP0037A4A,XDR,B4,2*,5.70137E+13,126,126,126,12-08-12 0:01,12/24/2015 0:00,11-02-16 0:00,27131,0,0,0,42,,55,48.5,126,,,,37.00R57,MICHELIN,,MICHELIN
LLP0037A4A,5/17/2016 0:00,PERIOD END,789C,408,5,2,105,103,98,,103,3.5,D,D,29149,150,Other Reason,06-11-16 13:19,TS,Other,Scrap/Not Worth Repairing,New,Running,Running,LLP0037A4A,XDR,B4,2*,5.70137E+13,126,126,126,12-08-12 0:01,12/24/2015 0:00,11-02-16 0:00,27131,0,0,0,42,,55,48.5,126,,,,37.00R57,MICHELIN,,MICHELIN
LLP0037A4A,6/27/2016 0:00,PERIOD END,789C,408,5,2,98,103,86,,95,10,D,D,29742,593,Other Reason,6/29/2016 12:06,TS,Other,Scrap/Not Worth Repairing,New,Running,Running,LLP0037A4A,XDR,B4,2*,5.70137E+13,126,126,126,12-08-12 0:01,12/24/2015 0:00,11-02-16 0:00,27131,0,0,0,42,,55,48.5,126,,,,37.00R57,MICHELIN,,MICHELIN
LLP0037A4A,7/23/2016 0:00,PERIOD END,789C,408,5,2,86,95,79,,89,6.5,D,D,30154,412,Other Reason,08-04-16 6:06,TS,Other,Scrap/Not Worth Repairing,New,Running,Running,LLP0037A4A,XDR,B4,2*,5.70137E+13,126,126,126,12-08-12 0:01,12/24/2015 0:00,11-02-16 0:00,27131,0,0,0,42,,55,48.5,126,,,,37.00R57,MICHELIN,,MICHELIN
LLP0037A4A,8/15/2016 0:00,3382628,789C,408,5,2,79,89,79,,89,0,D,D,30587,433,Other Reason,8/20/2016 11:49,TS,Other,Scrap/Not Worth Repairing,New,Running,Running,LLP0037A4A,XDR,B4,2*,5.70137E+13,126,126,126,12-08-12 0:01,12/24/2015 0:00,11-02-16 0:00,27131,0,0,0,42,,55,48.5,126,,,,37.00R57,MICHELIN,,MICHELIN
LLP0037A4A,8/23/2016 0:00,3411104,789C,408,5,2,79,89,79,,89,0,D,D,30704,117,Other Reason,8/26/2016 14:37,TS,Other,Scrap/Not Worth Repairing,New,Running,Running,LLP0037A4A,XDR,B4,2*,5.70137E+13,126,126,126,12-08-12 0:01,12/24/2015 0:00,11-02-16 0:00,27131,0,0,0,42,,55,48.5,126,,,,37.00R57,MICHELIN,,MICHELIN
LLP0037A4A,09-04-16 0:00,PERIOD END,789C,408,5,2,79,89,60,,71,18.5,D,D,30952,248,Other Reason,9/15/2016 7:10,TS,Other,Scrap/Not Worth Repairing,New,Running,Running,LLP0037A4A,XDR,B4,2*,5.70137E+13,126,126,126,12-08-12 0:01,12/24/2015 0:00,11-02-16 0:00,27131,0,0,0,42,,55,48.5,126,,,,37.00R57,MICHELIN,,MICHELIN
LLP0037A4A,9/18/2016 0:00,PERIOD END,789C,408,5,2,60,71,54,,67,5,D,D,31200,248,Other Reason,9/21/2016 11:58,TS,Other,Scrap/Not Worth Repairing,New,Running,Running,LLP0037A4A,XDR,B4,2*,5.70137E+13,126,126,126,12-08-12 0:01,12/24/2015 0:00,11-02-16 0:00,27131,0,0,0,42,,55,48.5,126,,,,37.00R57,MICHELIN,,MICHELIN
LLP0037A4A,10-08-16 0:00,6067805,789C,408,5,2,54,67,46,,60,7.5,D,E,31588,388,Other Reason,10-12-16 12:23,TS,W,Scrap/Not Worth Repairing,New,Running,Spare,LLP0037A4A,XDR,B4,2*,5.70137E+13,126,126,126,12-08-12 0:01,12/24/2015 0:00,11-02-16 0:00,27131,0,0,0,42,,55,48.5,126,,,,37.00R57,MICHELIN,,MICHELIN
LLP0072A9A,4/18/2015 16:00,2671334,789C,403,5,2,105,107,105,,107,0,E,D,18440,0,Other Reason,1/13/2016 9:16,TS,Other,Scrap/Not Worth Repairing,New,Spare,Running,LLP0072A9A,XDR,B4,2*,5.70137E+13,126,126,126,12/15/2012 0:01,10/28/2014 0:00,4/23/2016 0:00,29203,0,0,0,32,,40,36,126,,,,37.00R57,MICHELIN,,MICHELIN
LLP0072A9A,4/21/2015 0:00,PERIOD END,789C,403,5,2,105,107,100,,100,6,D,D,18487,47,Other Reason,1/13/2016 9:16,TS,Other,Scrap/Not Worth Repairing,New,Running,Running,LLP0072A9A,XDR,B4,2*,5.70137E+13,126,126,126,12/15/2012 0:01,10/28/2014 0:00,4/23/2016 0:00,29203,0,0,0,32,,40,36,126,,,,37.00R57,MICHELIN,,MICHELIN
LLP0072A9A,5/30/2015 0:00,2718243,789C,403,5,2,100,100,100,,100,0,D,D,18892,405,Other Reason,1/13/2016 9:16,TS,Other,Scrap/Not Worth Repairing,New,Running,Running,LLP0072A9A,XDR,B4,2*,5.70137E+13,126,126,126,12/15/2012 0:01,10/28/2014 0:00,4/23/2016 0:00,29203,0,0,0,32,,40,36,126,,,,37.00R57,MICHELIN,,MICHELIN
LLP0072A9A,07-02-15 0:00,PERIOD END,789C,403,5,2,100,100,93,,90,8.5,D,D,19526,634,Other Reason,1/13/2016 9:16,TS,Other,Scrap/Not Worth Repairing,New,Running,Running,LLP0072A9A,XDR,B4,2*,5.70137E+13,126,126,126,12/15/2012 0:01,10/28/2014 0:00,4/23/2016 0:00,29203,0,0,0,32,,40,36,126,,,,37.00R57,MICHELIN,,MICHELIN
LLP0072A9A,7/17/2015 0:00,2785266,789C,403,5,2,93,90,93,,90,0,D,D,19637,111,Other Reason,1/13/2016 9:16,TS,Other,Scrap/Not Worth Repairing,New,Running,Running,LLP0072A9A,XDR,B4,2*,5.70137E+13,126,126,126,12/15/2012 0:01,10/28/2014 0:00,4/23/2016 0:00,29203,0,0,0,32,,40,36,126,,,,37.00R57,MICHELIN,,MICHELIN
LLP0072A9A,8/21/2015 0:00,8212015,789C,403,5,2,93,90,93,,90,0,D,E,19637,0,Other Reason,1/13/2016 9:16,TS,W,Scrap/Not Worth Repairing,New,Running,Spare,LLP0072A9A,XDR,B4,2*,5.70137E+13,126,126,126,12/15/2012 0:01,10/28/2014 0:00,4/23/2016 0:00,29203,0,0,0,32,,40,36,126,,,,37.00R57,MICHELIN,,MICHELIN
LLP0072A9A,2/22/2016 5:00,3031399,789C,408,5,2,56,40,56,,40,0,E,D,27862,0,Other Reason,03-09-16 12:05,TS,Other,Scrap/Not Worth Repairing,New,Spare,Running,LLP0072A9A,XDR,B4,2*,5.70137E+13,126,126,126,12/15/2012 0:01,10/28/2014 0:00,4/23/2016 0:00,29203,0,0,0,32,,40,36,126,,,,37.00R57,MICHELIN,,MICHELIN
LLP0072A9A,4/14/2016 0:00,2937341,789C,408,5,2,56,40,56,,40,0,D,D,28702,840,Other Reason,06-08-16 12:28,TS,Other,Scrap/Not Worth Repairing,New,Running,Running,LLP0072A9A,XDR,B4,2*,5.70137E+13,126,126,126,12/15/2012 0:01,10/28/2014 0:00,4/23/2016 0:00,29203,0,0,0,32,,40,36,126,,,,37.00R57,MICHELIN,,MICHELIN
LLP0072A9A,4/23/2016 0:00,3217084,789C,408,5,2,56,40,32,,40,12,D,C,28884,182,SE REBENTO LA LLANTA,06-08-16 12:40,TS,D,Scrap/Not Worth Repairing,New,Running,Scrap/Not Worth Repairing,LLP0072A9A,XDR,B4,2*,5.70137E+13,126,126,126,12/15/2012 0:01,10/28/2014 0:00,4/23/2016 0:00,29203,0,0,0,32,,40,36,126,,,,37.00R57,MICHELIN,,MICHELIN
LLP0075A6A,05-10-16 5:00,3251351,789C,403,4,2,30,48,30,,48,0,E,D,24459,0,Other Reason,5/18/2016 8:32,TS,Other,Scrap/Not Worth Repairing,New,Spare,Running,LLP0075A6A,XDR,B4,2*,5.70137E+13,126,126,126,12/15/2012 0:01,04-10-15 22:00,06-08-16 0:00,29203,0,0,0,24,,45,34.5,126,,,,37.00R57,MICHELIN,,MICHELIN
LLP0075A6A,5/28/2016 0:00,PERIOD END,789C,403,4,2,30,48,24,,45,4.5,D,D,24772,313,Other Reason,06-08-16 9:14,TS,Other,Scrap/Not Worth Repairing,New,Running,Running,LLP0075A6A,XDR,B4,2*,5.70137E+13,126,126,126,12/15/2012 0:01,04-10-15 22:00,06-08-16 0:00,29203,0,0,0,24,,45,34.5,126,,,,37.00R57,MICHELIN,,MICHELIN
LLP0075A6A,06-08-16 0:00,3302309,789C,403,4,2,24,45,24,,45,0,D,C,24973,201,Other Reason,06-11-16 12:58,TS,D,Scrap/Not Worth Repairing,New,Running,Scrap/Not Worth Repairing,LLP0075A6A,XDR,B4,2*,5.70137E+13,126,126,126,12/15/2012 0:01,04-10-15 22:00,06-08-16 0:00,29203,0,0,0,24,,45,34.5,126,,,,37.00R57,MICHELIN,,MICHELIN
LLP0089A2A,1/30/2016 8:00,3047316,789C,408,5,2,70,64,70,,64,0,E,D,27552,0,Other Reason,03-09-16 11:59,TS,Other,Scrap/Not Worth Repairing,New,Spare,Running,LLP0089A2A,XDR,B4,2*,5.70137E+13,126,126,126,12-08-12 0:01,3/16/2015 8:00,2/22/2016 0:00,27131,0,0,0,33,,40,36.5,126,,,,37.00R57,MICHELIN,,MICHELIN
LLP0089A2A,2/22/2016 0:00,3031399,789C,408,5,2,70,64,33,,40,30.5,D,C,27862,310,Other Reason,03-09-16 12:05,TS,E,Scrap/Not Worth Repairing,New,Running,Scrap/Not Worth Repairing,LLP0089A2A,XDR,B4,2*,5.70137E+13,126,126,126,12-08-12 0:01,3/16/2015 8:00,2/22/2016 0:00,27131,0,0,0,33,,40,36.5,126,,,,37.00R57,MICHELIN,,MICHELIN
LLP0115A6A,01-01-15 0:00,2502969,789C,408,2,1,116,116,116,,116,0,D,D,21360,22,Other Reason,1/13/2015 7:59,TS,Other,Scrap/Not Worth Repairing,New,Running,Running,LLP0115A6A,XDR,B4,2*,5.70137E+13,126,126,126,12-08-12 0:01,10/30/2014 18:00,1/14/2016 0:00,27131,0,0,0,72,,79,75.5,126,,,,37.00R57,MICHELIN,,MICHELIN
LLP0115A6A,02-03-15 0:00,2607501,789C,408,2,1,116,116,116,,116,0,D,D,21555,195,Other Reason,03-11-15 15:50,TS,Other,Scrap/Not Worth Repairing,New,Running,Running,LLP0115A6A,XDR,B4,2*,5.70137E+13,126,126,126,12-08-12 0:01,10/30/2014 18:00,1/14/2016 0:00,27131,0,0,0,72,,79,75.5,126,,,,37.00R57,MICHELIN,,MICHELIN
LLP0115A6A,06-02-15 0:00,2727909,789C,408,2,1,116,116,99,,98,17.5,D,E,23605,2050,Other Reason,06-03-15 5:08,TS,W,Scrap/Not Worth Repairing,New,Running,Spare,LLP0115A6A,XDR,B4,2*,5.70137E+13,126,126,126,12-08-12 0:01,10/30/2014 18:00,1/14/2016 0:00,27131,0,0,0,72,,79,75.5,126,,,,37.00R57,MICHELIN,,MICHELIN
LLP0117A4A,01-01-15 0:00,2502969,789C,408,1,1,115,116,115,,116,0,D,D,21360,22,Other Reason,1/13/2015 7:59,TS,Other,Scrap/Not Worth Repairing,New,Running,Running,LLP0117A4A,XDR,B4,2*,5.70137E+13,126,126,126,12-08-12 0:01,10/30/2014 18:00,8/22/2015 0:00,27131,0,0,0,83,,86,84.5,126,,,,37.00R57,MICHELIN,,MICHELIN
LLP0117A4A,02-03-15 0:00,2607501,789C,408,1,1,115,116,115,,116,0,D,D,21555,195,Other Reason,03-11-15 15:50,TS,Other,Scrap/Not Worth Repairing,New,Running,Running,LLP0117A4A,XDR,B4,2*,5.70137E+13,126,126,126,12-08-12 0:01,10/30/2014 18:00,8/22/2015 0:00,27131,0,0,0,83,,86,84.5,126,,,,37.00R57,MICHELIN,,MICHELIN
LLP0117A4A,06-02-15 0:00,2727909,789C,408,1,1,115,116,98,,100,16.5,D,E,23605,2050,Other Reason,06-03-15 5:08,TS,W,Scrap/Not Worth Repairing,New,Running,Spare,LLP0117A4A,XDR,B4,2*,5.70137E+13,126,126,126,12-08-12 0:01,10/30/2014 18:00,8/22/2015 0:00,27131,0,0,0,83,,86,84.5,126,,,,37.00R57,MICHELIN,,MICHELIN
LLP0141A0A,4/23/2016 8:00,3217084,789C,408,6,2,103,104,103,,104,0,E,D,28884,0,Other Reason,06-08-16 12:40,TS,Other,Scrap/Not Worth Repairing,New,Spare,Running,LLP0141A0A,XDR,B4,2*,5.70137E+13,126,126,126,10/20/2012 0:01,12/24/2015 0:00,8/23/2016 0:00,29203,0,0,0,73,,79,76,126,,,,37.00R57,MICHELIN,,MICHELIN
LLP0141A0A,05-01-16 0:00,3096243,789C,408,6,2,103,104,103,,104,0,D,D,28999,115,Other Reason,06-08-16 12:47,TS,Other,Scrap/Not Worth Repairing,New,Running,Running,LLP0141A0A,XDR,B4,2*,5.70137E+13,126,126,126,10/20/2012 0:01,12/24/2015 0:00,8/23/2016 0:00,29203,0,0,0,73,,79,76,126,,,,37.00R57,MICHELIN,,MICHELIN
LLP0141A0A,5/17/2016 0:00,PERIOD END,789C,408,6,2,103,104,100,,101,3,D,D,29149,150,Other Reason,06-11-16 13:19,TS,Other,Scrap/Not Worth Repairing,New,Running,Running,LLP0141A0A,XDR,B4,2*,5.70137E+13,126,126,126,10/20/2012 0:01,12/24/2015 0:00,8/23/2016 0:00,29203,0,0,0,73,,79,76,126,,,,37.00R57,MICHELIN,,MICHELIN
LLP0141A0A,6/27/2016 0:00,PERIOD END,789C,408,6,2,100,101,90,,91,10,D,D,29742,593,Other Reason,6/29/2016 12:06,TS,Other,Scrap/Not Worth Repairing,New,Running,Running,LLP0141A0A,XDR,B4,2*,5.70137E+13,126,126,126,10/20/2012 0:01,12/24/2015 0:00,8/23/2016 0:00,29203,0,0,0,73,,79,76,126,,,,37.00R57,MICHELIN,,MICHELIN
LLP0141A0A,7/23/2016 0:00,PERIOD END,789C,408,6,2,90,91,84,,89,4,D,D,30154,412,Other Reason,08-04-16 6:06,TS,Other,Scrap/Not Worth Repairing,New,Running,Running,LLP0141A0A,XDR,B4,2*,5.70137E+13,126,126,126,10/20/2012 0:01,12/24/2015 0:00,8/23/2016 0:00,29203,0,0,0,73,,79,76,126,,,,37.00R57,MICHELIN,,MICHELIN
LLP0141A0A,8/15/2016 0:00,3382628,789C,408,6,2,84,89,84,,89,0,D,D,30587,433,Other Reason,8/20/2016 11:49,TS,Other,Scrap/Not Worth Repairing,New,Running,Running,LLP0141A0A,XDR,B4,2*,5.70137E+13,126,126,126,10/20/2012 0:01,12/24/2015 0:00,8/23/2016 0:00,29203,0,0,0,73,,79,76,126,,,,37.00R57,MICHELIN,,MICHELIN
LLP0141A0A,8/23/2016 0:00,3411104,789C,408,6,2,84,89,73,,79,10.5,D,C,30704,117,BUCHE,8/26/2016 14:37,TS,P,Scrap/Not Worth Repairing,New,Running,Scrap/Not Worth Repairing,LLP0141A0A,XDR,B4,2*,5.70137E+13,126,126,126,10/20/2012 0:01,12/24/2015 0:00,8/23/2016 0:00,29203,0,0,0,73,,79,76,126,,,,37.00R57,MICHELIN,,MICHELIN
MLH0155M3A,10/28/2013 7:00,2060693,789C,408,6,2,32,46,20,,24,17,D,C,14742,449,DESGASTE TOTAL DE LA BANDA DE RODADURA,11/14/2013 12:04,TS,A,Scrap/Not Worth Repairing,New,Running,Scrap/Not Worth Repairing,MLH0155M3A,XDR,B,**,5.70137E+13,126,126,126,12/17/2009 0:01,9/15/2011 0:00,10/28/2013 7:00,21333.66,0,0,0,20,,24,22,126,,0,0,37.00R57,MICHELIN,,MICHELIN
MLJ0516A5A,08-08-13 10:00,1970208,789C,408,4,2,65,51,65,,51,0,D,C,13328,42,ESTALLIDO POR EL FLANCO CON DANO A LA PARED LATERAL,08-09-13 11:32,TS,P,Scrap/Not Worth Repairing,New,Running,Scrap/Not Worth Repairing,MLJ0516A5A,XDR,B4,2*,57013700030A00,126,126,126,12/26/2011 0:01,08-12-12 0:00,08-08-13 10:00,27770,0,0,0,65,,51,58,126,,0,0,37.00R57,MICHELIN,,MICHELIN
MLJ0527A4A,01-01-15 0:00,2502969,789C,408,6,2,66,73,66,,73,0,D,D,21360,22,Other Reason,1/13/2015 7:59,TS,Other,Scrap/Not Worth Repairing,New,Running,Running,MLJ0527A4A,XDR,B4,2*,5.70137E+13,126,126,126,12/26/2011 0:01,02-11-14 0:00,02-03-15 0:00,27770.19,0,0,0,52,,65,58.5,126,,,,37.00R57,MICHELIN,,MICHELIN
MLJ0527A4A,02-03-15 0:00,2607501,789C,408,6,2,66,73,52,,65,11,D,C,21555,195,SE LE ENCONTRARON VARIAS SEPARACCIONES,03-11-15 15:50,TS,D,Scrap/Not Worth Repairing,New,Running,Scrap/Not Worth Repairing,MLJ0527A4A,XDR,B4,2*,5.70137E+13,126,126,126,12/26/2011 0:01,02-11-14 0:00,02-03-15 0:00,27770.19,0,0,0,52,,65,58.5,126,,,,37.00R57,MICHELIN,,MICHELIN
MLJ0552A9A,06-08-16 8:00,3302309,789C,403,4,2,102,105,102,,105,0,E,D,24973,0,Other Reason,06-11-16 12:58,TS,Other,Scrap/Not Worth Repairing,New,Spare,Running,MLJ0552A9A,XDR,B4,2*,5.70137E+13,126,126,126,12/26/2011 0:01,09-04-15 0:00,07-07-16 0:00,27770.19,0,5561.3,0,98,,92,95,126,,,,37.00R57,MICHELIN,,MICHELIN
MLJ0552A9A,6/27/2016 0:00,3305680,789C,403,4,2,102,105,102,,105,0,D,D,25281,308,Other Reason,6/29/2016 9:37,TS,Other,Scrap/Not Worth Repairing,New,Running,Running,MLJ0552A9A,XDR,B4,2*,5.70137E+13,126,126,126,12/26/2011 0:01,09-04-15 0:00,07-07-16 0:00,27770.19,0,5561.3,0,98,,92,95,126,,,,37.00R57,MICHELIN,,MICHELIN
MLJ0552A9A,07-07-16 0:00,3338819,789C,403,4,2,102,105,98,,92,8.5,D,C,25476,195,ROTURA LATERAL,08-03-16 12:04,TS,P,Scrap/Not Worth Repairing,New,Running,Scrap/Not Worth Repairing,MLJ0552A9A,XDR,B4,2*,5.70137E+13,126,126,126,12/26/2011 0:01,09-04-15 0:00,07-07-16 0:00,27770.19,0,5561.3,0,98,,92,95,126,,,,37.00R57,MICHELIN,,MICHELIN
MLJ0563A8A,8/24/2015 23:00,2841222,789C,403,5,2,126,126,126,,126,0,H,D,19707,0,Other Reason,09-02-15 13:13,TS,Other,Spare,New,New,Running,MLJ0563A8A,XDR,B4,2*,5.70137E+13,126,126,126,12/26/2011 0:01,8/24/2015 23:00,11-12-15 0:00,27770.19,0,0,0,108,,108,108,126,,,,37.00R57,MICHELIN,,MICHELIN
MLJ0563A8A,11-12-15 0:00,2949907,789C,403,5,2,126,126,108,,108,18,D,E,21193,1486,Other Reason,11/18/2015 10:21,TS,W,Spare,New,Running,Spare,MLJ0563A8A,XDR,B4,2*,5.70137E+13,126,126,126,12/26/2011 0:01,8/24/2015 23:00,11-12-15 0:00,27770.19,0,0,0,108,,108,108,126,,,,37.00R57,MICHELIN,,MICHELIN
MLN1043F1A,5/13/2013 14:00,1877404,789C,408,4,2,30,31,28,,27,3,D,C,11945,259,DESGASTE CON LA SEGUNDA CAPA EXPUESTA,5/14/2013 15:53,TS,A,Scrap/Not Worth Repairing,Original Equipment,Running,Scrap/Not Worth Repairing,MLN1043F1A,XDR,B4,2*,57013700020O00,126,126,126,01-01-09 0:01,01-01-09 0:00,5/13/2013 14:00,23201,0,600,0,28,,27,27.5,126,,0,0,37.00R57,MICHELIN,,MICHELIN
MLN1055F9A,2/27/2009 7:00,270209-1,789C,403,2,1,126,126,126,,126,0,D,E,0,0,CAMBIO POR ACTUALIZACION,4/30/2009 3:30,TS,W,Running,Original Equipment,Running,Spare,MLN1055F9A,XDR,B4,2*,5.70137E+13,126,126,126,01-01-09 0:01,01-01-09 0:00,1/29/2017 0:00,23201,0,1,0,70,,78,74,126,415,3,2,37.00R57,MICHELIN,28823,MICHELIN
MLN1055F9A,2/28/2009 9:00,280209-03,789C,403,2,1,126,126,126,,126,0,D,E,0,0,CAMBIO POR ACTUALIZACION,4/30/2009 3:30,TS,W,Running,Original Equipment,Running,Spare,MLN1055F9A,XDR,B4,2*,5.70137E+13,126,126,126,01-01-09 0:01,01-01-09 0:00,1/29/2017 0:00,23201,0,1,0,70,,78,74,126,415,3,2,37.00R57,MICHELIN,28823,MICHELIN
MLP0656S7A,10/30/2016 4:00,6060502,789D,422,4,2,20,25,20,,25,0,E,D,25850,0,Other Reason,11-03-16 14:43,TS,Other,Scrap/Not Worth Repairing,New,Spare,Running,MLP0656S7A,XDR2,B4,**,5.7014E+13,120,120,120,1/18/2013 0:01,4/29/2015 0:00,11-05-16 0:00,36403,0,0,0,16,,23,19.5,120,,,,40.00R57,MICHELIN,,MICHELIN
MLP0656S7A,11-05-16 0:00,6173257,789D,422,4,2,20,25,16,,23,3,D,C,25935,85,DEGASTE,11/30/2016 13:48,TS,A,Scrap/Not Worth Repairing,New,Running,Scrap/Not Worth Repairing,MLP0656S7A,XDR2,B4,**,5.7014E+13,120,120,120,1/18/2013 0:01,4/29/2015 0:00,11-05-16 0:00,36403,0,0,0,16,,23,19.5,120,,,,40.00R57,MICHELIN,,MICHELIN
MLP0660S3A,11-01-14 7:00,2458309,789D,422,3,2,20,40,16,,20,12,D,C,13268,187,DESGASTE TOTAL DE LA BANDA DE RODADURA,11/14/2014 7:28,TS,A,Scrap/Not Worth Repairing,New,Running,Scrap/Not Worth Repairing,MLP0660S3A,XDR2,B4,**,5.7014E+13,120,120,120,1/18/2013 0:01,06-01-13 0:00,11-01-14 7:00,36403,0,0,0,16,,20,18,120,,,,40.00R57,MICHELIN,,MICHELIN
MLP1947S6A,11-01-14 7:00,2458309,789D,422,5,2,14,30,14,,12,9,D,C,13268,187,DESGASTE TOTAL DE LA BANDA DE RODADURA,11/14/2014 7:28,TS,A,Scrap/Not Worth Repairing,New,Running,Scrap/Not Worth Repairing,MLP1947S6A,XDR2,B4,**,5.7014E+13,120,120,120,1/18/2013 0:01,06-01-13 0:00,11-01-14 7:00,36403,0,0,0,14,,12,13,120,,,,40.00R57,MICHELIN,,MICHELIN
MLP1987S6A,11-01-14 7:00,2458309,789D,422,6,2,20,30,10,,12,14,D,C,13268,187,DESGASTE TOTAL DE LA BANDA DE RODADURA,11/14/2014 7:28,TS,A,Scrap/Not Worth Repairing,New,Running,Scrap/Not Worth Repairing,MLP1987S6A,XDR2,B4,**,5.7014E+13,120,120,120,1/18/2013 0:01,06-01-13 0:00,11-01-14 7:00,36403,0,0,0,10,,12,11,120,,,,40.00R57,MICHELIN,,MICHELIN
MLP1990S4A,8/31/2016 8:00,3402600,789D,422,2,1,123,123,123,,123,0,H,D,24714,0,Other Reason,10/18/2016 13:17,TS,Other,Running,New,New,Running,MLP1990S4A,XDR2,E4R   B,**,5.7014E+13,123,123,123,07-04-16 0:01,8/31/2016 0:00,02-05-17 0:00,17000,0,0,0,75,,81,78,123,422,4,2,40.00R57,MICHELIN,27571,MICHELIN
MLP1990S4A,9/14/2016 0:00,PERIOD END,789D,422,2,1,123,123,119,,116,5.5,D,D,24975,261,Other Reason,9/15/2016 6:58,TS,Other,Running,New,Running,Running,MLP1990S4A,XDR2,E4R   B,**,5.7014E+13,123,123,123,07-04-16 0:01,8/31/2016 0:00,02-05-17 0:00,17000,0,0,0,75,,81,78,123,422,4,2,40.00R57,MICHELIN,27571,MICHELIN
MLP1990S4A,9/17/2016 0:00,6026975,789D,422,2,1,119,116,119,,116,0,D,D,25023,48,Other Reason,9/21/2016 9:03,TS,Other,Running,New,Running,Running,MLP1990S4A,XDR2,E4R   B,**,5.7014E+13,123,123,123,07-04-16 0:01,8/31/2016 0:00,02-05-17 0:00,17000,0,0,0,75,,81,78,123,422,4,2,40.00R57,MICHELIN,27571,MICHELIN
MLP1990S4A,9/24/2016 0:00,6037864,789D,422,2,1,119,116,119,,116,0,D,D,25175,152,Other Reason,9/28/2016 9:13,TS,Other,Running,New,Running,Running,MLP1990S4A,XDR2,E4R   B,**,5.7014E+13,123,123,123,07-04-16 0:01,8/31/2016 0:00,02-05-17 0:00,17000,0,0,0,75,,81,78,123,422,4,2,40.00R57,MICHELIN,27571,MICHELIN
MLP1990S4A,9/25/2016 0:00,PERIOD END,789D,422,2,1,119,116,118,,112,2.5,D,D,25195,20,Other Reason,9/28/2016 15:22,TS,Other,Running,New,Running,Running,MLP1990S4A,XDR2,E4R   B,**,5.7014E+13,123,123,123,07-04-16 0:01,8/31/2016 0:00,02-05-17 0:00,17000,0,0,0,75,,81,78,123,422,4,2,40.00R57,MICHELIN,27571,MICHELIN
MLP1990S4A,10-03-16 0:00,3365709,789D,422,2,1,118,112,118,,112,0,D,D,25318,123,Other Reason,10-05-16 8:07,TS,Other,Running,New,Running,Running,MLP1990S4A,XDR2,E4R   B,**,5.7014E+13,123,123,123,07-04-16 0:01,8/31/2016 0:00,02-05-17 0:00,17000,0,0,0,75,,81,78,123,422,4,2,40.00R57,MICHELIN,27571,MICHELIN
MLP1990S4A,10/30/2016 0:00,6060502,789D,422,2,1,118,112,118,,112,0,D,D,25850,532,Other Reason,11-03-16 14:43,TS,Other,Running,New,Running,Running,MLP1990S4A,XDR2,E4R   B,**,5.7014E+13,123,123,123,07-04-16 0:01,8/31/2016 0:00,02-05-17 0:00,17000,0,0,0,75,,81,78,123,422,4,2,40.00R57,MICHELIN,27571,MICHELIN
MLP1990S4A,11-05-16 0:00,6173257,789D,422,2,1,118,112,118,,112,0,D,D,25935,85,Other Reason,11/30/2016 13:48,TS,Other,Running,New,Running,Running,MLP1990S4A,XDR2,E4R   B,**,5.7014E+13,123,123,123,07-04-16 0:01,8/31/2016 0:00,02-05-17 0:00,17000,0,0,0,75,,81,78,123,422,4,2,40.00R57,MICHELIN,27571,MICHELIN
MLP1990S4A,11/26/2016 0:00,6220046,789D,422,2,1,118,112,104,,104,11,D,E,26282,347,Other Reason,12-02-16 5:21,TS,W,Running,New,Running,Spare,MLP1990S4A,XDR2,E4R   B,**,5.7014E+13,123,123,123,07-04-16 0:01,8/31/2016 0:00,02-05-17 0:00,17000,0,0,0,75,,81,78,123,422,4,2,40.00R57,MICHELIN,27571,MICHELIN
MLP1990S4A,11/26/2016 20:00,6220046,789D,422,4,2,104,104,104,,104,0,E,D,26282,0,Other Reason,12-02-16 5:21,TS,Other,Running,New,Spare,Running,MLP1990S4A,XDR2,E4R   B,**,5.7014E+13,123,123,123,07-04-16 0:01,8/31/2016 0:00,02-05-17 0:00,17000,0,0,0,75,,81,78,123,422,4,2,40.00R57,MICHELIN,27571,MICHELIN
MLP1990S4A,12/15/2016 0:00,6265139,789D,422,4,2,104,104,104,,104,0,D,D,26607,325,Other Reason,12/21/2016 8:06,TS,Other,Running,New,Running,Running,MLP1990S4A,XDR2,E4R   B,**,5.7014E+13,123,123,123,07-04-16 0:01,8/31/2016 0:00,02-05-17 0:00,17000,0,0,0,75,,81,78,123,422,4,2,40.00R57,MICHELIN,27571,MICHELIN
MLP1990S4A,12/26/2016 0:00,PERIOD END,789D,422,4,2,104,104,92,,97,9.5,D,D,26799,192,Other Reason,12/26/2016 5:16,TS,Other,Running,New,Running,Running,MLP1990S4A,XDR2,E4R   B,**,5.7014E+13,123,123,123,07-04-16 0:01,8/31/2016 0:00,02-05-17 0:00,17000,0,0,0,75,,81,78,123,422,4,2,40.00R57,MICHELIN,27571,MICHELIN
MLP1990S4A,02-05-17 0:00,PERIOD END,789D,422,4,2,92,97,75,,81,16.5,D,D,27571,772,Other Reason,02-09-17 7:48,TS,Other,Running,New,Running,Running,MLP1990S4A,XDR2,E4R   B,**,5.7014E+13,123,123,123,07-04-16 0:01,8/31/2016 0:00,02-05-17 0:00,17000,0,0,0,75,,81,78,123,422,4,2,40.00R57,MICHELIN,27571,MICHELIN
MLP1992S2A,01-01-17 0:12,6302821,789D,434,1,1,123,123,123,,123,0,H,D,21566,0,Other Reason,01-02-17 6:01,TS,Other,Running,New,New,Running,MLP1992S2A,XDR2,E4R   B,**,5.7014E+13,123,123,123,07-04-16 0:01,01-01-17 0:12,02-08-17 0:00,17000,0,0,0,112,,112,112,123,434,1,1,40.00R57,MICHELIN,22080,MICHELIN
MLP1992S2A,02-08-17 0:00,PERIOD END,789D,434,1,1,123,123,112,,112,11,D,D,22080,514,Other Reason,02-09-17 8:00,TS,Other,Running,New,Running,Running,MLP1992S2A,XDR2,E4R   B,**,5.7014E+13,123,123,123,07-04-16 0:01,01-01-17 0:12,02-08-17 0:00,17000,0,0,0,112,,112,112,123,434,1,1,40.00R57,MICHELIN,22080,MICHELIN
MLP1993S1A,12/15/2016 8:00,6265139,789D,422,5,2,73,86,73,,86,0,E,D,26607,0,Other Reason,12/21/2016 8:06,TS,Other,Running,New,Spare,Running,MLP1993S1A,XDR2,E4R   B,**,5.7014E+13,123,123,123,07-04-16 0:01,7/15/2016 0:00,02-05-17 0:00,17000,0,0,0,61,,56,58.5,123,422,5,2,40.00R57,MICHELIN,27571,MICHELIN
MLP1993S1A,12/26/2016 0:00,PERIOD END,789D,422,5,2,73,86,73,,72,7,D,D,26799,192,Other Reason,12/26/2016 5:16,TS,Other,Running,New,Running,Running,MLP1993S1A,XDR2,E4R   B,**,5.7014E+13,123,123,123,07-04-16 0:01,7/15/2016 0:00,02-05-17 0:00,17000,0,0,0,61,,56,58.5,123,422,5,2,40.00R57,MICHELIN,27571,MICHELIN
MLP1993S1A,02-05-17 0:00,PERIOD END,789D,422,5,2,73,72,61,,56,14,D,D,27571,772,Other Reason,02-09-17 7:48,TS,Other,Running,New,Running,Running,MLP1993S1A,XDR2,E4R   B,**,5.7014E+13,123,123,123,07-04-16 0:01,7/15/2016 0:00,02-05-17 0:00,17000,0,0,0,61,,56,58.5,123,422,5,2,40.00R57,MICHELIN,27571,MICHELIN
MLP1996S8A,01-01-17 0:12,6302821,789D,434,2,1,123,123,123,,123,0,H,D,21566,0,Other Reason,01-02-17 6:01,TS,Other,Running,New,New,Running,MLP1996S8A,XDR2,E4R   B,**,5.7014E+13,123,123,123,07-04-16 0:01,01-01-17 0:12,02-08-17 0:00,17000,0,0,0,113,,112,112.5,123,434,2,1,40.00R57,MICHELIN,22080,MICHELIN
MLP1996S8A,02-08-17 0:00,PERIOD END,789D,434,2,1,123,123,113,,112,10.5,D,D,22080,514,Other Reason,02-09-17 8:00,TS,Other,Running,New,Running,Running,MLP1996S8A,XDR2,E4R   B,**,5.7014E+13,123,123,123,07-04-16 0:01,01-01-17 0:12,02-08-17 0:00,17000,0,0,0,113,,112,112.5,123,434,2,1,40.00R57,MICHELIN,22080,MICHELIN
MLP2005S8A,11-01-14 7:00,2458309,789D,422,4,2,22,40,20,,15,13.5,D,C,13268,187,DESGASTE TOTAL DE LA BANDA DE RODADURA,11/14/2014 7:28,TS,A,Scrap/Not Worth Repairing,New,Running,Scrap/Not Worth Repairing,MLP2005S8A,XDR2,B4,**,5.7014E+13,120,120,120,1/18/2013 0:01,06-01-13 0:00,11-01-14 7:00,36403,0,0,0,20,,15,17.5,120,,,,40.00R57,MICHELIN,,MICHELIN
MLP2017S6A,10/30/2014 7:00,2469958,789D,434,6,2,35,43,12,,15,25.5,D,C,8733,947,DESGASTE TOTAL DE LA BANDA DE RODADURA,5/14/2015 7:28,TS,A,Scrap/Not Worth Repairing,New,Running,Scrap/Not Worth Repairing,MLP2017S6A,XDR2,B4,**,5.7014E+13,120,120,120,1/28/2013 0:01,5/23/2013 0:00,10/30/2014 7:00,36403,0,0,0,12,,15,13.5,120,,0,0,40.00R57,MICHELIN,,MICHELIN
MLR0484U3B,6/16/2015 8:00,2740616,789D,434,1,1,123,123,123,,123,0,H,D,12956,0,Other Reason,6/16/2015 9:39,TS,Other,Scrap/Not Worth Repairing,New,New,Running,MLR0484U3B,XDR2,E4R   B,**,5.7014E+13,123,123,123,03-12-15 0:01,6/16/2015 0:00,10/30/2016 0:00,60614,0,0,0,10,,33,21.5,123,,,,40.00R57,MICHELIN,,MICHELIN
MLR0484U3B,6/26/2015 0:00,PERIOD END,789D,434,1,1,123,123,114,,114,9,D,D,13135,179,Other Reason,6/30/2015 11:28,TS,Other,Scrap/Not Worth Repairing,New,Running,Running,MLR0484U3B,XDR2,E4R   B,**,5.7014E+13,123,123,123,03-12-15 0:01,6/16/2015 0:00,10/30/2016 0:00,60614,0,0,0,10,,33,21.5,123,,,,40.00R57,MICHELIN,,MICHELIN
MLR0484U3B,07-07-15 0:00,PERIOD END,789D,434,1,1,114,114,109,,111,4,D,D,13368,233,Other Reason,07-08-15 12:54,TS,Other,Scrap/Not Worth Repairing,New,Running,Running,MLR0484U3B,XDR2,E4R   B,**,5.7014E+13,123,123,123,03-12-15 0:01,6/16/2015 0:00,10/30/2016 0:00,60614,0,0,0,10,,33,21.5,123,,,,40.00R57,MICHELIN,,MICHELIN
MLR0484U3B,7/20/2015 0:00,PERIOD END,789D,434,1,1,109,111,109,,110,0.5,D,D,13593,225,Other Reason,7/21/2015 15:54,TS,Other,Scrap/Not Worth Repairing,New,Running,Running,MLR0484U3B,XDR2,E4R   B,**,5.7014E+13,123,123,123,03-12-15 0:01,6/16/2015 0:00,10/30/2016 0:00,60614,0,0,0,10,,33,21.5,123,,,,40.00R57,MICHELIN,,MICHELIN
MLR0484U3B,09-10-15 0:00,PERIOD END,789D,434,1,1,109,110,105,,108,3,D,D,13827,234,Other Reason,09-10-15 9:01,TS,Other,Scrap/Not Worth Repairing,New,Running,Running,MLR0484U3B,XDR2,E4R   B,**,5.7014E+13,123,123,123,03-12-15 0:01,6/16/2015 0:00,10/30/2016 0:00,60614,0,0,0,10,,33,21.5,123,,,,40.00R57,MICHELIN,,MICHELIN
MLR0484U3B,09-11-15 0:00,28600719,789D,434,1,1,105,108,105,,108,0,D,D,13828,1,Other Reason,9/16/2015 7:20,TS,Other,Scrap/Not Worth Repairing,New,Running,Running,MLR0484U3B,XDR2,E4R   B,**,5.7014E+13,123,123,123,03-12-15 0:01,6/16/2015 0:00,10/30/2016 0:00,60614,0,0,0,10,,33,21.5,123,,,,40.00R57,MICHELIN,,MICHELIN
MLR0484U3B,9/15/2015 0:00,PERIOD END,789D,434,1,1,105,108,105,,108,0,D,D,13828,0,Other Reason,9/16/2015 13:15,TS,Other,Scrap/Not Worth Repairing,New,Running,Running,MLR0484U3B,XDR2,E4R   B,**,5.7014E+13,123,123,123,03-12-15 0:01,6/16/2015 0:00,10/30/2016 0:00,60614,0,0,0,10,,33,21.5,123,,,,40.00R57,MICHELIN,,MICHELIN
MLR0484U3B,10-02-15 0:00,PERIOD END,789D,434,1,1,105,108,103,,106,2,D,D,14143,315,Other Reason,10-07-15 15:13,TS,Other,Scrap/Not Worth Repairing,New,Running,Running,MLR0484U3B,XDR2,E4R   B,**,5.7014E+13,123,123,123,03-12-15 0:01,6/16/2015 0:00,10/30/2016 0:00,60614,0,0,0,10,,33,21.5,123,,,,40.00R57,MICHELIN,,MICHELIN
MLR0484U3B,12/21/2015 0:00,2987435,789D,434,1,1,103,106,94,,98,8.5,D,E,15332,1189,Other Reason,12/23/2015 7:44,TS,W,Scrap/Not Worth Repairing,New,Running,Spare,MLR0484U3B,XDR2,E4R   B,**,5.7014E+13,123,123,123,03-12-15 0:01,6/16/2015 0:00,10/30/2016 0:00,60614,0,0,0,10,,33,21.5,123,,,,40.00R57,MICHELIN,,MICHELIN
NLK0077A8A,11-04-15 4:00,2950334,789C,408,2,1,130,130,130,,130,0,H,D,26178,0,Other Reason,12-03-15 4:15,TS,Other,Scrap/Not Worth Repairing,New,New,Running,NLK0077A8A,XDR2,B4  E4R TL,**,5.70137E+13,130,130,130,3/22/2013 0:01,11-04-15 0:00,10-08-16 0:00,28051,0,0,0,45,,56,50.5,130,,,,37.00R57,MICHELIN,,MICHELIN
NLK0077A8A,1/30/2016 0:00,3047316,789C,408,2,1,130,130,130,,130,0,D,D,27552,1374,Other Reason,03-09-16 11:59,TS,Other,Scrap/Not Worth Repairing,New,Running,Running,NLK0077A8A,XDR2,B4  E4R TL,**,5.70137E+13,130,130,130,3/22/2013 0:01,11-04-15 0:00,10-08-16 0:00,28051,0,0,0,45,,56,50.5,130,,,,37.00R57,MICHELIN,,MICHELIN
NLK0077A8A,2/22/2016 0:00,3031399,789C,408,2,1,130,130,130,,130,0,D,D,27862,310,Other Reason,03-09-16 12:05,TS,Other,Scrap/Not Worth Repairing,New,Running,Running,NLK0077A8A,XDR2,B4  E4R TL,**,5.70137E+13,130,130,130,3/22/2013 0:01,11-04-15 0:00,10-08-16 0:00,28051,0,0,0,45,,56,50.5,130,,,,37.00R57,MICHELIN,,MICHELIN
NLK0077A8A,4/14/2016 0:00,2937341,789C,408,2,1,130,130,130,,130,0,D,D,28702,840,Other Reason,06-08-16 12:28,TS,Other,Scrap/Not Worth Repairing,New,Running,Running,NLK0077A8A,XDR2,B4  E4R TL,**,5.70137E+13,130,130,130,3/22/2013 0:01,11-04-15 0:00,10-08-16 0:00,28051,0,0,0,45,,56,50.5,130,,,,37.00R57,MICHELIN,,MICHELIN
NLK0077A8A,4/23/2016 0:00,3217084,789C,408,2,1,130,130,130,,130,0,D,D,28884,182,Other Reason,06-08-16 12:40,TS,Other,Scrap/Not Worth Repairing,New,Running,Running,NLK0077A8A,XDR2,B4  E4R TL,**,5.70137E+13,130,130,130,3/22/2013 0:01,11-04-15 0:00,10-08-16 0:00,28051,0,0,0,45,,56,50.5,130,,,,37.00R57,MICHELIN,,MICHELIN
NLK0077A8A,05-01-16 0:00,3096243,789C,408,2,1,130,130,98,,99,31.5,D,E,28999,115,Other Reason,06-08-16 12:47,TS,W,Scrap/Not Worth Repairing,New,Running,Spare,NLK0077A8A,XDR2,B4  E4R TL,**,5.70137E+13,130,130,130,3/22/2013 0:01,11-04-15 0:00,10-08-16 0:00,28051,0,0,0,45,,56,50.5,130,,,,37.00R57,MICHELIN,,MICHELIN
NLK0077A8A,05-01-16 16:00,3096243,789C,408,3,2,98,99,98,,99,0,E,D,28999,0,Other Reason,06-08-16 12:47,TS,Other,Scrap/Not Worth Repairing,New,Spare,Running,NLK0077A8A,XDR2,B4  E4R TL,**,5.70137E+13,130,130,130,3/22/2013 0:01,11-04-15 0:00,10-08-16 0:00,28051,0,0,0,45,,56,50.5,130,,,,37.00R57,MICHELIN,,MICHELIN
NLK0077A8A,5/17/2016 0:00,PERIOD END,789C,408,3,2,98,99,95,,96,3,D,D,29149,150,Other Reason,06-11-16 13:19,TS,Other,Scrap/Not Worth Repairing,New,Running,Running,NLK0077A8A,XDR2,B4  E4R TL,**,5.70137E+13,130,130,130,3/22/2013 0:01,11-04-15 0:00,10-08-16 0:00,28051,0,0,0,45,,56,50.5,130,,,,37.00R57,MICHELIN,,MICHELIN
NLK0077A8A,6/27/2016 0:00,PERIOD END,789C,408,3,2,95,96,88,,91,6,D,D,29742,593,Other Reason,6/29/2016 12:06,TS,Other,Scrap/Not Worth Repairing,New,Running,Running,NLK0077A8A,XDR2,B4  E4R TL,**,5.70137E+13,130,130,130,3/22/2013 0:01,11-04-15 0:00,10-08-16 0:00,28051,0,0,0,45,,56,50.5,130,,,,37.00R57,MICHELIN,,MICHELIN
NLK0077A8A,7/23/2016 0:00,PERIOD END,789C,408,3,2,88,91,78,,83,9,D,D,30154,412,Other Reason,08-04-16 6:06,TS,Other,Scrap/Not Worth Repairing,New,Running,Running,NLK0077A8A,XDR2,B4  E4R TL,**,5.70137E+13,130,130,130,3/22/2013 0:01,11-04-15 0:00,10-08-16 0:00,28051,0,0,0,45,,56,50.5,130,,,,37.00R57,MICHELIN,,MICHELIN
NLK0077A8A,8/15/2016 0:00,3382628,789C,408,3,2,78,83,78,,83,0,D,D,30587,433,Other Reason,8/20/2016 11:49,TS,Other,Scrap/Not Worth Repairing,New,Running,Running,NLK0077A8A,XDR2,B4  E4R TL,**,5.70137E+13,130,130,130,3/22/2013 0:01,11-04-15 0:00,10-08-16 0:00,28051,0,0,0,45,,56,50.5,130,,,,37.00R57,MICHELIN,,MICHELIN
NLK0077A8A,8/23/2016 0:00,3411104,789C,408,3,2,78,83,64,,72,12.5,D,E,30704,117,Other Reason,8/26/2016 14:37,TS,W,Scrap/Not Worth Repairing,New,Running,Spare,NLK0077A8A,XDR2,B4  E4R TL,**,5.70137E+13,130,130,130,3/22/2013 0:01,11-04-15 0:00,10-08-16 0:00,28051,0,0,0,45,,56,50.5,130,,,,37.00R57,MICHELIN,,MICHELIN
NLK0077A8A,8/23/2016 12:00,3411104,789C,408,6,2,64,72,64,,72,0,E,D,30704,0,Other Reason,8/26/2016 14:37,TS,Other,Scrap/Not Worth Repairing,New,Spare,Running,NLK0077A8A,XDR2,B4  E4R TL,**,5.70137E+13,130,130,130,3/22/2013 0:01,11-04-15 0:00,10-08-16 0:00,28051,0,0,0,45,,56,50.5,130,,,,37.00R57,MICHELIN,,MICHELIN
NLK0077A8A,09-04-16 0:00,PERIOD END,789C,408,6,2,64,72,58,,68,5,D,D,30952,248,Other Reason,9/15/2016 7:10,TS,Other,Scrap/Not Worth Repairing,New,Running,Running,NLK0077A8A,XDR2,B4  E4R TL,**,5.70137E+13,130,130,130,3/22/2013 0:01,11-04-15 0:00,10-08-16 0:00,28051,0,0,0,45,,56,50.5,130,,,,37.00R57,MICHELIN,,MICHELIN
NLK0077A8A,9/18/2016 0:00,PERIOD END,789C,408,6,2,58,68,53,,61,6,D,D,31200,248,Other Reason,9/21/2016 11:58,TS,Other,Scrap/Not Worth Repairing,New,Running,Running,NLK0077A8A,XDR2,B4  E4R TL,**,5.70137E+13,130,130,130,3/22/2013 0:01,11-04-15 0:00,10-08-16 0:00,28051,0,0,0,45,,56,50.5,130,,,,37.00R57,MICHELIN,,MICHELIN
NLK0077A8A,10-08-16 0:00,6067805,789C,408,6,2,53,61,45,,56,6.5,D,C,31588,388,BUCHE Y CABLE ROTO,10-12-16 12:23,TS,P,Scrap/Not Worth Repairing,New,Running,Scrap/Not Worth Repairing,NLK0077A8A,XDR2,B4  E4R TL,**,5.70137E+13,130,130,130,3/22/2013 0:01,11-04-15 0:00,10-08-16 0:00,28051,0,0,0,45,,56,50.5,130,,,,37.00R57,MICHELIN,,MICHELIN
nll0338v8a,8/23/2016 12:00,3411104,789C,408,3,2,112,106,112,,106,0,E,D,30704,0,Other Reason,10/18/2016 9:32,TS,Other,Running,New,Spare,Running,nll0338v8a,XDR2,B4  E4R TL,**,5.70137E+13,130,130,130,9/26/2015 0:01,5/16/2016 8:00,1/20/2017 0:00,24355,1029,0,0,36,,48,42,130,408,3,2,37.00R57,MICHELIN,33360,MICHELIN
nll0338v8a,09-04-16 0:00,PERIOD END,789C,408,3,2,112,106,99,,104,7.5,D,D,30952,248,Other Reason,9/15/2016 7:10,TS,Other,Running,New,Running,Running,nll0338v8a,XDR2,B4  E4R TL,**,5.70137E+13,130,130,130,9/26/2015 0:01,5/16/2016 8:00,1/20/2017 0:00,24355,1029,0,0,36,,48,42,130,408,3,2,37.00R57,MICHELIN,33360,MICHELIN
nll0338v8a,9/18/2016 0:00,PERIOD END,789C,408,3,2,99,104,92,,99,6,D,D,31200,248,Other Reason,9/21/2016 11:58,TS,Other,Running,New,Running,Running,nll0338v8a,XDR2,B4  E4R TL,**,5.70137E+13,130,130,130,9/26/2015 0:01,5/16/2016 8:00,1/20/2017 0:00,24355,1029,0,0,36,,48,42,130,408,3,2,37.00R57,MICHELIN,33360,MICHELIN
nll0338v8a,10-08-16 0:00,6067805,789C,408,3,2,92,99,92,,99,0,D,D,31588,388,Other Reason,10-12-16 12:23,TS,Other,Running,New,Running,Running,nll0338v8a,XDR2,B4  E4R TL,**,5.70137E+13,130,130,130,9/26/2015 0:01,5/16/2016 8:00,1/20/2017 0:00,24355,1029,0,0,36,,48,42,130,408,3,2,37.00R57,MICHELIN,33360,MICHELIN
nll0338v8a,10/30/2016 0:00,PERIOD END,789C,408,3,2,92,99,83,,94,7,D,D,31974,386,Other Reason,11-04-16 8:00,TS,Other,Running,New,Running,Running,nll0338v8a,XDR2,B4  E4R TL,**,5.70137E+13,130,130,130,9/26/2015 0:01,5/16/2016 8:00,1/20/2017 0:00,24355,1029,0,0,36,,48,42,130,408,3,2,37.00R57,MICHELIN,33360,MICHELIN
nll0338v8a,12-05-16 0:00,PERIOD END,789C,408,3,2,83,94,60,,71,23,D,D,32599,625,Other Reason,12-06-16 5:08,TS,Other,Running,New,Running,Running,nll0338v8a,XDR2,B4  E4R TL,**,5.70137E+13,130,130,130,9/26/2015 0:01,5/16/2016 8:00,1/20/2017 0:00,24355,1029,0,0,36,,48,42,130,408,3,2,37.00R57,MICHELIN,33360,MICHELIN
nll0338v8a,12/26/2016 0:00,PERIOD END,789C,408,3,2,60,71,51,,67,6.5,D,D,32960,361,Other Reason,12/26/2016 14:06,TS,Other,Running,New,Running,Running,nll0338v8a,XDR2,B4  E4R TL,**,5.70137E+13,130,130,130,9/26/2015 0:01,5/16/2016 8:00,1/20/2017 0:00,24355,1029,0,0,36,,48,42,130,408,3,2,37.00R57,MICHELIN,33360,MICHELIN
nll0338v8a,12/27/2016 0:00,6264562,789C,408,3,2,51,67,51,,67,0,D,D,32984,24,Other Reason,12/29/2016 7:40,TS,Other,Running,New,Running,Running,nll0338v8a,XDR2,B4  E4R TL,**,5.70137E+13,130,130,130,9/26/2015 0:01,5/16/2016 8:00,1/20/2017 0:00,24355,1029,0,0,36,,48,42,130,408,3,2,37.00R57,MICHELIN,33360,MICHELIN
nll0338v8a,01-05-17 0:00,PERIOD END,789C,408,3,2,51,67,45,,60,6.5,D,D,33112,128,Other Reason,01-07-17 12:18,TS,Other,Running,New,Running,Running,nll0338v8a,XDR2,B4  E4R TL,**,5.70137E+13,130,130,130,9/26/2015 0:01,5/16/2016 8:00,1/20/2017 0:00,24355,1029,0,0,36,,48,42,130,408,3,2,37.00R57,MICHELIN,33360,MICHELIN
nll0338v8a,1/20/2017 0:00,PERIOD END,789C,408,3,2,45,60,36,,48,10.5,D,D,33360,248,Other Reason,1/24/2017 7:37,TS,Other,Running,New,Running,Running,nll0338v8a,XDR2,B4  E4R TL,**,5.70137E+13,130,130,130,9/26/2015 0:01,5/16/2016 8:00,1/20/2017 0:00,24355,1029,0,0,36,,48,42,130,408,3,2,37.00R57,MICHELIN,33360,MICHELIN
nll0342v4a,8/23/2016 12:00,3411104,789C,408,4,2,109,104,109,,104,0,E,D,30704,0,Other Reason,10/18/2016 9:32,TS,Other,Running,New,Spare,Running,nll0342v4a,XDR2,B4  E4R TL,**,5.70137E+13,130,130,130,9/26/2015 0:01,5/16/2016 8:00,1/20/2017 0:00,24355,1029,0,0,41,,48,44.5,130,408,4,2,37.00R57,MICHELIN,33360,MICHELIN
nll0342v4a,09-04-16 0:00,PERIOD END,789C,408,4,2,109,104,101,,93,9.5,D,D,30952,248,Other Reason,9/15/2016 7:10,TS,Other,Running,New,Running,Running,nll0342v4a,XDR2,B4  E4R TL,**,5.70137E+13,130,130,130,9/26/2015 0:01,5/16/2016 8:00,1/20/2017 0:00,24355,1029,0,0,41,,48,44.5,130,408,4,2,37.00R57,MICHELIN,33360,MICHELIN
nll0342v4a,9/18/2016 0:00,PERIOD END,789C,408,4,2,101,93,99,,87,4,D,D,31200,248,Other Reason,9/21/2016 11:58,TS,Other,Running,New,Running,Running,nll0342v4a,XDR2,B4  E4R TL,**,5.70137E+13,130,130,130,9/26/2015 0:01,5/16/2016 8:00,1/20/2017 0:00,24355,1029,0,0,41,,48,44.5,130,408,4,2,37.00R57,MICHELIN,33360,MICHELIN
nll0342v4a,10-08-16 0:00,6067805,789C,408,4,2,99,87,99,,87,0,D,D,31588,388,Other Reason,10-12-16 12:23,TS,Other,Running,New,Running,Running,nll0342v4a,XDR2,B4  E4R TL,**,5.70137E+13,130,130,130,9/26/2015 0:01,5/16/2016 8:00,1/20/2017 0:00,24355,1029,0,0,41,,48,44.5,130,408,4,2,37.00R57,MICHELIN,33360,MICHELIN
nll0342v4a,10/30/2016 0:00,PERIOD END,789C,408,4,2,99,87,76,,87,11.5,D,D,31974,386,Other Reason,11-04-16 8:00,TS,Other,Running,New,Running,Running,nll0342v4a,XDR2,B4  E4R TL,**,5.70137E+13,130,130,130,9/26/2015 0:01,5/16/2016 8:00,1/20/2017 0:00,24355,1029,0,0,41,,48,44.5,130,408,4,2,37.00R57,MICHELIN,33360,MICHELIN
nll0342v4a,12-05-16 0:00,PERIOD END,789C,408,4,2,76,87,62,,74,13.5,D,D,32599,625,Other Reason,12-06-16 5:08,TS,Other,Running,New,Running,Running,nll0342v4a,XDR2,B4  E4R TL,**,5.70137E+13,130,130,130,9/26/2015 0:01,5/16/2016 8:00,1/20/2017 0:00,24355,1029,0,0,41,,48,44.5,130,408,4,2,37.00R57,MICHELIN,33360,MICHELIN
nll0342v4a,12/26/2016 0:00,PERIOD END,789C,408,4,2,62,74,53,,66,8.5,D,D,32960,361,Other Reason,12/26/2016 14:06,TS,Other,Running,New,Running,Running,nll0342v4a,XDR2,B4  E4R TL,**,5.70137E+13,130,130,130,9/26/2015 0:01,5/16/2016 8:00,1/20/2017 0:00,24355,1029,0,0,41,,48,44.5,130,408,4,2,37.00R57,MICHELIN,33360,MICHELIN
nll0342v4a,12/27/2016 0:00,6264562,789C,408,4,2,53,66,53,,66,0,D,D,32984,24,Other Reason,12/29/2016 7:40,TS,Other,Running,New,Running,Running,nll0342v4a,XDR2,B4  E4R TL,**,5.70137E+13,130,130,130,9/26/2015 0:01,5/16/2016 8:00,1/20/2017 0:00,24355,1029,0,0,41,,48,44.5,130,408,4,2,37.00R57,MICHELIN,33360,MICHELIN
nll0342v4a,01-05-17 0:00,PERIOD END,789C,408,4,2,53,66,48,,51,10,D,D,33112,128,Other Reason,01-07-17 12:18,TS,Other,Running,New,Running,Running,nll0342v4a,XDR2,B4  E4R TL,**,5.70137E+13,130,130,130,9/26/2015 0:01,5/16/2016 8:00,1/20/2017 0:00,24355,1029,0,0,41,,48,44.5,130,408,4,2,37.00R57,MICHELIN,33360,MICHELIN
nll0342v4a,1/20/2017 0:00,PERIOD END,789C,408,4,2,48,51,41,,48,5,D,D,33360,248,Other Reason,1/24/2017 7:37,TS,Other,Running,New,Running,Running,nll0342v4a,XDR2,B4  E4R TL,**,5.70137E+13,130,130,130,9/26/2015 0:01,5/16/2016 8:00,1/20/2017 0:00,24355,1029,0,0,41,,48,44.5,130,408,4,2,37.00R57,MICHELIN,33360,MICHELIN
NLS0082G8B,6/27/2016 8:00,3305680,789C,403,2,1,130,130,130,,130,0,H,D,25281,0,Other Reason,6/29/2016 9:37,TS,Other,Running,New,New,Running,NLS0082G8B,XDR2,B4  E4R TL,**,5.70137E+13,130,130,130,5/19/2016 0:01,6/27/2016 0:00,12/31/2016 0:00,22016,0,0,0,90,,88,89,130,401,4,2,37.00R57,,33530,MICHELIN
NLS0082G8B,07-07-16 0:00,3338819,789C,403,2,1,130,130,130,,130,0,D,D,25476,195,Other Reason,08-03-16 12:04,TS,Other,Running,New,Running,Running,NLS0082G8B,XDR2,B4  E4R TL,**,5.70137E+13,130,130,130,5/19/2016 0:01,6/27/2016 0:00,12/31/2016 0:00,22016,0,0,0,90,,88,89,130,401,4,2,37.00R57,,33530,MICHELIN
NLS0082G8B,08-02-16 0:00,3380566,789C,403,2,1,130,130,130,,130,0,D,D,25942,466,Other Reason,8/26/2016 6:13,TS,Other,Running,New,Running,Running,NLS0082G8B,XDR2,B4  E4R TL,**,5.70137E+13,130,130,130,5/19/2016 0:01,6/27/2016 0:00,12/31/2016 0:00,22016,0,0,0,90,,88,89,130,401,4,2,37.00R57,,33530,MICHELIN
NLS0082G8B,8/21/2016 0:00,3402556,789C,403,2,1,130,130,130,,130,0,D,D,26317,375,Other Reason,8/27/2016 10:00,TS,Other,Running,New,Running,Running,NLS0082G8B,XDR2,B4  E4R TL,**,5.70137E+13,130,130,130,5/19/2016 0:01,6/27/2016 0:00,12/31/2016 0:00,22016,0,0,0,90,,88,89,130,401,4,2,37.00R57,,33530,MICHELIN
NLS0082G8B,8/31/2016 0:00,PERIOD END,789C,403,2,1,130,130,108,,115,18.5,D,D,26446,129,Other Reason,9/14/2016 14:10,TS,Other,Running,New,Running,Running,NLS0082G8B,XDR2,B4  E4R TL,**,5.70137E+13,130,130,130,5/19/2016 0:01,6/27/2016 0:00,12/31/2016 0:00,22016,0,0,0,90,,88,89,130,401,4,2,37.00R57,,33530,MICHELIN
NLS0082G8B,9/15/2016 0:00,PERIOD END,789C,403,2,1,108,115,104,,110,4.5,D,D,26748,302,Other Reason,9/15/2016 7:55,TS,Other,Running,New,Running,Running,NLS0082G8B,XDR2,B4  E4R TL,**,5.70137E+13,130,130,130,5/19/2016 0:01,6/27/2016 0:00,12/31/2016 0:00,22016,0,0,0,90,,88,89,130,401,4,2,37.00R57,,33530,MICHELIN
NLS0082G8B,9/26/2016 0:00,6028880,789C,403,2,1,104,110,101,,110,1.5,D,E,26971,223,Other Reason,9/28/2016 14:47,TS,W,Running,New,Running,Spare,NLS0082G8B,XDR2,B4  E4R TL,**,5.70137E+13,130,130,130,5/19/2016 0:01,6/27/2016 0:00,12/31/2016 0:00,22016,0,0,0,90,,88,89,130,401,4,2,37.00R57,,33530,MICHELIN
OLJ0464T8A,03-05-15 0:00,2613474,789C,403,6,2,75,73,75,,73,0,D,D,17856,1124,Other Reason,03-11-15 16:03,TS,Other,Spare,New,Running,Running,OLJ0464T8A,XDR,B4,2*,5.70137E+13,126,126,126,07-06-11 0:01,9/26/2013 0:00,8/21/2015 0:00,23376,0,0,0,56,,56,56,126,,,,37.00R57,MICHELIN,,MICHELIN
OLJ0464T8A,03-11-15 0:00,PERIOD END,789C,403,6,2,75,73,60,,59,14.5,D,D,17982,126,Other Reason,3/20/2015 13:12,TS,Other,Spare,New,Running,Running,OLJ0464T8A,XDR,B4,2*,5.70137E+13,126,126,126,07-06-11 0:01,9/26/2013 0:00,8/21/2015 0:00,23376,0,0,0,56,,56,56,126,,,,37.00R57,MICHELIN,,MICHELIN
OLJ0464T8A,4/18/2015 10:00,2671334,789C,403,6,2,60,59,60,,59,0,D,D,18440,458,Other Reason,4/21/2015 10:21,TS,Other,Spare,New,Running,Running,OLJ0464T8A,XDR,B4,2*,5.70137E+13,126,126,126,07-06-11 0:01,9/26/2013 0:00,8/21/2015 0:00,23376,0,0,0,56,,56,56,126,,,,37.00R57,MICHELIN,,MICHELIN
OLJ0464T8A,4/21/2015 0:00,PERIOD END,789C,403,6,2,60,59,56,,56,3.5,D,D,18487,47,Other Reason,4/21/2015 13:56,TS,Other,Spare,New,Running,Running,OLJ0464T8A,XDR,B4,2*,5.70137E+13,126,126,126,07-06-11 0:01,9/26/2013 0:00,8/21/2015 0:00,23376,0,0,0,56,,56,56,126,,,,37.00R57,MICHELIN,,MICHELIN
OLJ0464T8A,5/30/2015 0:00,2718243,789C,403,6,2,56,56,56,,56,0,D,D,18892,405,Other Reason,06-02-15 9:13,TS,Other,Spare,New,Running,Running,OLJ0464T8A,XDR,B4,2*,5.70137E+13,126,126,126,07-06-11 0:01,9/26/2013 0:00,8/21/2015 0:00,23376,0,0,0,56,,56,56,126,,,,37.00R57,MICHELIN,,MICHELIN
OLJ0464T8A,07-02-15 0:00,PERIOD END,789C,403,6,2,56,56,56,,56,0,D,D,19526,634,Other Reason,07-07-15 8:19,TS,Other,Spare,New,Running,Running,OLJ0464T8A,XDR,B4,2*,5.70137E+13,126,126,126,07-06-11 0:01,9/26/2013 0:00,8/21/2015 0:00,23376,0,0,0,56,,56,56,126,,,,37.00R57,MICHELIN,,MICHELIN
OLJ0464T8A,7/17/2015 0:00,2785266,789C,403,6,2,56,56,56,,56,0,D,D,19637,111,Other Reason,7/21/2015 7:06,TS,Other,Spare,New,Running,Running,OLJ0464T8A,XDR,B4,2*,5.70137E+13,126,126,126,07-06-11 0:01,9/26/2013 0:00,8/21/2015 0:00,23376,0,0,0,56,,56,56,126,,,,37.00R57,MICHELIN,,MICHELIN
OLJ0464T8A,8/21/2015 0:00,8212015,789C,403,6,2,56,56,56,,56,0,D,E,19637,0,Other Reason,8/21/2015 6:38,TS,W,Spare,New,Running,Spare,OLJ0464T8A,XDR,B4,2*,5.70137E+13,126,126,126,07-06-11 0:01,9/26/2013 0:00,8/21/2015 0:00,23376,0,0,0,56,,56,56,126,,,,37.00R57,MICHELIN,,MICHELIN
OLK0241A4A,03-09-16 8:00,3076103,789C,403,2,1,130,130,130,,130,0,H,D,23307,0,Other Reason,3/22/2016 12:11,TS,Other,Scrap/Not Worth Repairing,New,New,Running,OLK0241A4A,XDR2,B4  E4R TL,**,5.70137E+13,130,130,130,06-10-13 0:01,03-09-16 8:00,1/18/2017 0:00,28051,0,0,0,28,,32,30,130,,,,37.00R57,MICHELIN,,MICHELIN
OLK0241A4A,05-10-16 0:00,3251351,789C,403,2,1,130,130,130,,130,0,D,D,24459,1152,Other Reason,5/18/2016 8:32,TS,Other,Scrap/Not Worth Repairing,New,Running,Running,OLK0241A4A,XDR2,B4  E4R TL,**,5.70137E+13,130,130,130,06-10-13 0:01,03-09-16 8:00,1/18/2017 0:00,28051,0,0,0,28,,32,30,130,,,,37.00R57,MICHELIN,,MICHELIN
OLK0241A4A,5/28/2016 0:00,PERIOD END,789C,403,2,1,130,130,105,,109,23,D,D,24772,313,Other Reason,06-08-16 9:14,TS,Other,Scrap/Not Worth Repairing,New,Running,Running,OLK0241A4A,XDR2,B4  E4R TL,**,5.70137E+13,130,130,130,06-10-13 0:01,03-09-16 8:00,1/18/2017 0:00,28051,0,0,0,28,,32,30,130,,,,37.00R57,MICHELIN,,MICHELIN
OLK0241A4A,06-08-16 0:00,3302309,789C,403,2,1,105,109,105,,109,0,D,D,24973,201,Other Reason,06-11-16 12:58,TS,Other,Scrap/Not Worth Repairing,New,Running,Running,OLK0241A4A,XDR2,B4  E4R TL,**,5.70137E+13,130,130,130,06-10-13 0:01,03-09-16 8:00,1/18/2017 0:00,28051,0,0,0,28,,32,30,130,,,,37.00R57,MICHELIN,,MICHELIN
OLK0241A4A,6/27/2016 0:00,3305680,789C,403,2,1,105,109,96,,106,6,D,E,25281,308,Other Reason,6/29/2016 9:37,TS,W,Scrap/Not Worth Repairing,New,Running,Spare,OLK0241A4A,XDR2,B4  E4R TL,**,5.70137E+13,130,130,130,06-10-13 0:01,03-09-16 8:00,1/18/2017 0:00,28051,0,0,0,28,,32,30,130,,,,37.00R57,MICHELIN,,MICHELIN
OLK0279A6A,08-02-16 8:00,3380566,789C,403,6,2,108,106,108,,106,0,E,D,25942,0,Other Reason,8/26/2016 6:13,TS,Other,Scrap/Not Worth Repairing,New,Spare,Running,OLK0279A6A,XDR2,B4  E4R TL,**,5.70137E+13,130,130,130,06-10-13 0:01,1/25/2016 0:00,10-10-16 0:00,28051,0,0,0,82,,91,86.5,130,,,,37.00R57,MICHELIN,,MICHELIN
OLK0279A6A,8/21/2016 0:00,3402556,789C,403,6,2,108,106,108,,106,0,D,D,26317,375,Other Reason,8/27/2016 10:00,TS,Other,Scrap/Not Worth Repairing,New,Running,Running,OLK0279A6A,XDR2,B4  E4R TL,**,5.70137E+13,130,130,130,06-10-13 0:01,1/25/2016 0:00,10-10-16 0:00,28051,0,0,0,82,,91,86.5,130,,,,37.00R57,MICHELIN,,MICHELIN
OLK0279A6A,8/31/2016 0:00,PERIOD END,789C,403,6,2,108,106,96,,100,9,D,D,26446,129,Other Reason,9/14/2016 14:10,TS,Other,Scrap/Not Worth Repairing,New,Running,Running,OLK0279A6A,XDR2,B4  E4R TL,**,5.70137E+13,130,130,130,06-10-13 0:01,1/25/2016 0:00,10-10-16 0:00,28051,0,0,0,82,,91,86.5,130,,,,37.00R57,MICHELIN,,MICHELIN
OLK0279A6A,9/15/2016 0:00,PERIOD END,789C,403,6,2,96,100,85,,93,9,D,D,26748,302,Other Reason,9/15/2016 7:55,TS,Other,Scrap/Not Worth Repairing,New,Running,Running,OLK0279A6A,XDR2,B4  E4R TL,**,5.70137E+13,130,130,130,06-10-13 0:01,1/25/2016 0:00,10-10-16 0:00,28051,0,0,0,82,,91,86.5,130,,,,37.00R57,MICHELIN,,MICHELIN
OLK0279A6A,9/26/2016 0:00,6028880,789C,403,6,2,85,93,83,,92,1.5,D,E,26971,223,Other Reason,9/28/2016 14:47,TS,W,Scrap/Not Worth Repairing,New,Running,Spare,OLK0279A6A,XDR2,B4  E4R TL,**,5.70137E+13,130,130,130,06-10-13 0:01,1/25/2016 0:00,10-10-16 0:00,28051,0,0,0,82,,91,86.5,130,,,,37.00R57,MICHELIN,,MICHELIN
OLK0306A9A,03-09-16 8:00,3076103,789C,403,1,1,130,130,130,,130,0,H,D,23307,0,Other Reason,3/22/2016 12:11,TS,Other,Running,New,New,Running,OLK0306A9A,XDR2,B4  E4R TL,**,5.70137E+13,130,130,130,06-10-13 0:01,03-09-16 0:00,1/18/2017 8:00,28051,0,0,0,41,,46,43.5,130,406,5,2,37.00R57,MICHELIN,33270,MICHELIN
OLK0306A9A,05-10-16 0:00,3251351,789C,403,1,1,130,130,130,,130,0,D,D,24459,1152,Other Reason,5/18/2016 8:32,TS,Other,Running,New,Running,Running,OLK0306A9A,XDR2,B4  E4R TL,**,5.70137E+13,130,130,130,06-10-13 0:01,03-09-16 0:00,1/18/2017 8:00,28051,0,0,0,41,,46,43.5,130,406,5,2,37.00R57,MICHELIN,33270,MICHELIN
OLK0306A9A,5/28/2016 0:00,PERIOD END,789C,403,1,1,130,130,96,,105,29.5,D,D,24772,313,Other Reason,06-08-16 9:14,TS,Other,Running,New,Running,Running,OLK0306A9A,XDR2,B4  E4R TL,**,5.70137E+13,130,130,130,06-10-13 0:01,03-09-16 0:00,1/18/2017 8:00,28051,0,0,0,41,,46,43.5,130,406,5,2,37.00R57,MICHELIN,33270,MICHELIN
OLK0306A9A,06-08-16 0:00,3302309,789C,403,1,1,96,105,96,,105,0,D,D,24973,201,Other Reason,06-11-16 12:58,TS,Other,Running,New,Running,Running,OLK0306A9A,XDR2,B4  E4R TL,**,5.70137E+13,130,130,130,06-10-13 0:01,03-09-16 0:00,1/18/2017 8:00,28051,0,0,0,41,,46,43.5,130,406,5,2,37.00R57,MICHELIN,33270,MICHELIN
OLK0306A9A,6/27/2016 0:00,3305680,789C,403,1,1,96,105,88,,101,6,D,E,25281,308,Other Reason,6/29/2016 9:37,TS,W,Running,New,Running,Spare,OLK0306A9A,XDR2,B4  E4R TL,**,5.70137E+13,130,130,130,06-10-13 0:01,03-09-16 0:00,1/18/2017 8:00,28051,0,0,0,41,,46,43.5,130,406,5,2,37.00R57,MICHELIN,33270,MICHELIN
OLK0320A5A,11-04-15 4:00,2950334,789C,408,1,1,130,130,130,,130,0,H,D,26178,0,Other Reason,12-03-15 4:15,TS,Other,Scrap/Not Worth Repairing,New,New,Running,OLK0320A5A,XDR2,B4  E4R TL,**,5.70137E+13,130,130,130,6/24/2013 0:01,11-04-15 0:00,8/23/2016 0:00,28051,0,0,0,70,,77,73.5,130,,,,37.00R57,MICHELIN,,MICHELIN
OLK0320A5A,1/30/2016 0:00,3047316,789C,408,1,1,130,130,130,,130,0,D,D,27552,1374,Other Reason,03-09-16 11:59,TS,Other,Scrap/Not Worth Repairing,New,Running,Running,OLK0320A5A,XDR2,B4  E4R TL,**,5.70137E+13,130,130,130,6/24/2013 0:01,11-04-15 0:00,8/23/2016 0:00,28051,0,0,0,70,,77,73.5,130,,,,37.00R57,MICHELIN,,MICHELIN
OLK0320A5A,2/22/2016 0:00,3031399,789C,408,1,1,130,130,130,,130,0,D,D,27862,310,Other Reason,03-09-16 12:05,TS,Other,Scrap/Not Worth Repairing,New,Running,Running,OLK0320A5A,XDR2,B4  E4R TL,**,5.70137E+13,130,130,130,6/24/2013 0:01,11-04-15 0:00,8/23/2016 0:00,28051,0,0,0,70,,77,73.5,130,,,,37.00R57,MICHELIN,,MICHELIN
OLK0320A5A,4/14/2016 0:00,2937341,789C,408,1,1,130,130,130,,130,0,D,D,28702,840,Other Reason,06-08-16 12:28,TS,Other,Scrap/Not Worth Repairing,New,Running,Running,OLK0320A5A,XDR2,B4  E4R TL,**,5.70137E+13,130,130,130,6/24/2013 0:01,11-04-15 0:00,8/23/2016 0:00,28051,0,0,0,70,,77,73.5,130,,,,37.00R57,MICHELIN,,MICHELIN
OLK0320A5A,4/23/2016 0:00,3217084,789C,408,1,1,130,130,130,,130,0,D,D,28884,182,Other Reason,06-08-16 12:40,TS,Other,Scrap/Not Worth Repairing,New,Running,Running,OLK0320A5A,XDR2,B4  E4R TL,**,5.70137E+13,130,130,130,6/24/2013 0:01,11-04-15 0:00,8/23/2016 0:00,28051,0,0,0,70,,77,73.5,130,,,,37.00R57,MICHELIN,,MICHELIN
OLK0320A5A,05-01-16 0:00,3096243,789C,408,1,1,130,130,100,,100,30,D,E,28999,115,Other Reason,06-08-16 12:47,TS,W,Scrap/Not Worth Repairing,New,Running,Spare,OLK0320A5A,XDR2,B4  E4R TL,**,5.70137E+13,130,130,130,6/24/2013 0:01,11-04-15 0:00,8/23/2016 0:00,28051,0,0,0,70,,77,73.5,130,,,,37.00R57,MICHELIN,,MICHELIN
OLK0320A5A,05-01-16 16:00,3096243,789C,408,4,2,100,100,100,,100,0,E,D,28999,0,Other Reason,06-08-16 12:47,TS,Other,Scrap/Not Worth Repairing,New,Spare,Running,OLK0320A5A,XDR2,B4  E4R TL,**,5.70137E+13,130,130,130,6/24/2013 0:01,11-04-15 0:00,8/23/2016 0:00,28051,0,0,0,70,,77,73.5,130,,,,37.00R57,MICHELIN,,MICHELIN
OLK0320A5A,5/17/2016 0:00,PERIOD END,789C,408,4,2,100,100,100,,100,0,D,D,29149,150,Other Reason,06-11-16 13:19,TS,Other,Scrap/Not Worth Repairing,New,Running,Running,OLK0320A5A,XDR2,B4  E4R TL,**,5.70137E+13,130,130,130,6/24/2013 0:01,11-04-15 0:00,8/23/2016 0:00,28051,0,0,0,70,,77,73.5,130,,,,37.00R57,MICHELIN,,MICHELIN
OLK0320A5A,6/27/2016 0:00,PERIOD END,789C,408,4,2,100,100,89,,91,10,D,D,29742,593,Other Reason,6/29/2016 12:06,TS,Other,Scrap/Not Worth Repairing,New,Running,Running,OLK0320A5A,XDR2,B4  E4R TL,**,5.70137E+13,130,130,130,6/24/2013 0:01,11-04-15 0:00,8/23/2016 0:00,28051,0,0,0,70,,77,73.5,130,,,,37.00R57,MICHELIN,,MICHELIN
OLK0320A5A,7/23/2016 0:00,PERIOD END,789C,408,4,2,89,91,81,,84,7.5,D,D,30154,412,Other Reason,08-04-16 6:06,TS,Other,Scrap/Not Worth Repairing,New,Running,Running,OLK0320A5A,XDR2,B4  E4R TL,**,5.70137E+13,130,130,130,6/24/2013 0:01,11-04-15 0:00,8/23/2016 0:00,28051,0,0,0,70,,77,73.5,130,,,,37.00R57,MICHELIN,,MICHELIN
OLK0320A5A,8/15/2016 0:00,3382628,789C,408,4,2,81,84,81,,84,0,D,D,30587,433,Other Reason,8/20/2016 11:49,TS,Other,Scrap/Not Worth Repairing,New,Running,Running,OLK0320A5A,XDR2,B4  E4R TL,**,5.70137E+13,130,130,130,6/24/2013 0:01,11-04-15 0:00,8/23/2016 0:00,28051,0,0,0,70,,77,73.5,130,,,,37.00R57,MICHELIN,,MICHELIN
OLK0320A5A,8/23/2016 0:00,3411104,789C,408,4,2,81,84,70,,77,9,D,C,30704,117,BUCHE,8/26/2016 14:37,TS,P,Scrap/Not Worth Repairing,New,Running,Scrap/Not Worth Repairing,OLK0320A5A,XDR2,B4  E4R TL,**,5.70137E+13,130,130,130,6/24/2013 0:01,11-04-15 0:00,8/23/2016 0:00,28051,0,0,0,70,,77,73.5,130,,,,37.00R57,MICHELIN,,MICHELIN
OLP0184A7A,02-03-15 12:00,2607501,789C,408,6,2,99,100,99,,100,0,E,D,21555,0,Other Reason,03-11-15 15:50,TS,Other,Scrap/Not Worth Repairing,New,Spare,Running,OLP0184A7A,XDR,B4,2*,5.70137E+13,126,126,126,6/15/2012 0:01,10/23/2013 0:00,7/30/2015 0:00,27770.19,0,0,0,73,,78,75.5,126,,,,37.00R57,MICHELIN,,MICHELIN
OLP0184A7A,06-02-15 0:00,2727909,789C,408,6,2,99,100,99,,100,0,D,D,23605,2050,Other Reason,06-03-15 5:08,TS,Other,Scrap/Not Worth Repairing,New,Running,Running,OLP0184A7A,XDR,B4,2*,5.70137E+13,126,126,126,6/15/2012 0:01,10/23/2013 0:00,7/30/2015 0:00,27770.19,0,0,0,73,,78,75.5,126,,,,37.00R57,MICHELIN,,MICHELIN
OLP0184A7A,7/15/2015 0:00,2779798,789C,408,6,2,99,100,99,,100,0,D,D,24316,711,Other Reason,7/15/2015 5:24,TS,Other,Scrap/Not Worth Repairing,New,Running,Running,OLP0184A7A,XDR,B4,2*,5.70137E+13,126,126,126,6/15/2012 0:01,10/23/2013 0:00,7/30/2015 0:00,27770.19,0,0,0,73,,78,75.5,126,,,,37.00R57,MICHELIN,,MICHELIN
OLP0184A7A,7/30/2015 0:00,2802838,789C,408,6,2,99,100,73,,78,24,D,C,24379,63,PINCHADA EN EL COSTADO,7/31/2015 7:10,TS,D,Scrap/Not Worth Repairing,New,Running,Scrap/Not Worth Repairing,OLP0184A7A,XDR,B4,2*,5.70137E+13,126,126,126,6/15/2012 0:01,10/23/2013 0:00,7/30/2015 0:00,27770.19,0,0,0,73,,78,75.5,126,,,,37.00R57,MICHELIN,,MICHELIN
OLP0198A3A,02-03-15 12:00,2607501,789C,408,5,2,102,100,102,,100,0,E,D,21555,0,Other Reason,03-11-15 15:50,TS,Other,Scrap/Not Worth Repairing,New,Spare,Running,OLP0198A3A,XDR,B4,2*,5.70137E+13,126,126,126,6/15/2012 0:01,10/23/2013 0:00,7/15/2015 0:00,27770.19,0,0,0,82,,72,77,126,,,,37.00R57,MICHELIN,,MICHELIN
OLP0198A3A,06-02-15 0:00,2727909,789C,408,5,2,102,100,102,,100,0,D,D,23605,2050,Other Reason,06-03-15 5:08,TS,Other,Scrap/Not Worth Repairing,New,Running,Running,OLP0198A3A,XDR,B4,2*,5.70137E+13,126,126,126,6/15/2012 0:01,10/23/2013 0:00,7/15/2015 0:00,27770.19,0,0,0,82,,72,77,126,,,,37.00R57,MICHELIN,,MICHELIN
OLP0198A3A,7/15/2015 0:00,2779798,789C,408,5,2,102,100,82,,72,24,D,C,24316,711,ABULTAMIENTO Y CABLE ROTO,7/15/2015 5:24,TS,D,Scrap/Not Worth Repairing,New,Running,Scrap/Not Worth Repairing,OLP0198A3A,XDR,B4,2*,5.70137E+13,126,126,126,6/15/2012 0:01,10/23/2013 0:00,7/15/2015 0:00,27770.19,0,0,0,82,,72,77,126,,,,37.00R57,MICHELIN,,MICHELIN
OLP0222A9A,03-05-15 4:00,2613474,789C,403,5,2,66,72,66,,72,0,E,D,17856,0,Other Reason,03-11-15 16:03,TS,Other,Scrap/Not Worth Repairing,New,Spare,Running,OLP0222A9A,XDR,B4,2*,5.70137E+13,126,126,126,07-04-12 0:01,3/29/2014 0:00,4/18/2015 10:00,29340,0,0,0,60,,60,60,126,,,,37.00R57,,,MICHELIN
OLP0222A9A,03-11-15 0:00,PERIOD END,789C,403,5,2,66,72,66,,66,3,D,D,17982,126,Other Reason,3/20/2015 13:12,TS,Other,Scrap/Not Worth Repairing,New,Running,Running,OLP0222A9A,XDR,B4,2*,5.70137E+13,126,126,126,07-04-12 0:01,3/29/2014 0:00,4/18/2015 10:00,29340,0,0,0,60,,60,60,126,,,,37.00R57,,,MICHELIN
OLP0222A9A,4/18/2015 10:00,2671334,789C,403,5,2,66,66,60,,60,6,D,C,18440,458,CORTES PROFUNDO EN EL FLANCO,4/21/2015 10:21,TS,P,Scrap/Not Worth Repairing,New,Running,Scrap/Not Worth Repairing,OLP0222A9A,XDR,B4,2*,5.70137E+13,126,126,126,07-04-12 0:01,3/29/2014 0:00,4/18/2015 10:00,29340,0,0,0,60,,60,60,126,,,,37.00R57,,,MICHELIN
OLS0058F4A,9/26/2016 23:00,6028880,789C,403,2,1,130,130,130,,130,0,H,D,26971,0,Other Reason,10/18/2016 9:31,TS,Other,Running,New,New,Running,OLS0058F4A,XDR2,B4  E4R TL,**,5.70137E+13,130,130,130,8/15/2016 0:01,9/26/2016 23:00,02-06-17 0:00,22016,0,0,0,101,,98,99.5,130,414,6,2,37.00R57,MICHELIN,30497,MICHELIN
OLS0058F4A,12-03-16 0:00,PERIOD END,789C,403,2,1,130,130,109,,116,17.5,D,D,27951,980,Other Reason,12-03-16 14:07,TS,Other,Running,New,Running,Running,OLS0058F4A,XDR2,B4  E4R TL,**,5.70137E+13,130,130,130,8/15/2016 0:01,9/26/2016 23:00,02-06-17 0:00,22016,0,0,0,101,,98,99.5,130,414,6,2,37.00R57,MICHELIN,30497,MICHELIN
OLS0058F4A,12/25/2016 0:00,6285598,789C,403,2,1,109,116,105,,112,4,D,E,28327,376,CAMBIO POR ROTACION,12/26/2016 15:02,TS,W,Running,New,Running,Spare,OLS0058F4A,XDR2,B4  E4R TL,**,5.70137E+13,130,130,130,8/15/2016 0:01,9/26/2016 23:00,02-06-17 0:00,22016,0,0,0,101,,98,99.5,130,414,6,2,37.00R57,MICHELIN,30497,MICHELIN
OLS0062F0A,8/15/2016 8:00,3382628,789C,408,1,1,130,130,130,,130,0,H,D,30587,0,Other Reason,10/18/2016 9:31,TS,Other,Running,New,New,Running,,XDR2,B4  E4R TL,**,5.70137E+13,130,130,130,5/19/2016 0:01,8/15/2016 8:00,02-05-17 0:00,55556,0,0,0,96,,95,95.5,130,407,4,2,37.00R57,MICHELIN,29946,MICHELIN
OLS0062F0A,8/23/2016 0:00,3411104,789C,408,1,1,130,130,130,,130,0,D,D,30704,117,Other Reason,8/26/2016 14:37,TS,Other,Running,New,Running,Running,,XDR2,B4  E4R TL,**,5.70137E+13,130,130,130,5/19/2016 0:01,8/15/2016 8:00,02-05-17 0:00,55556,0,0,0,96,,95,95.5,130,407,4,2,37.00R57,MICHELIN,29946,MICHELIN
OLS0062F0A,09-04-16 0:00,PERIOD END,789C,408,1,1,130,130,126,,123,5.5,D,D,30952,248,Other Reason,9/15/2016 7:10,TS,Other,Running,New,Running,Running,,XDR2,B4  E4R TL,**,5.70137E+13,130,130,130,5/19/2016 0:01,8/15/2016 8:00,02-05-17 0:00,55556,0,0,0,96,,95,95.5,130,407,4,2,37.00R57,MICHELIN,29946,MICHELIN
OLS0062F0A,9/18/2016 0:00,PERIOD END,789C,408,1,1,126,123,121,,121,3.5,D,D,31200,248,Other Reason,9/21/2016 11:58,TS,Other,Running,New,Running,Running,,XDR2,B4  E4R TL,**,5.70137E+13,130,130,130,5/19/2016 0:01,8/15/2016 8:00,02-05-17 0:00,55556,0,0,0,96,,95,95.5,130,407,4,2,37.00R57,MICHELIN,29946,MICHELIN
OLS0062F0A,10-08-16 0:00,6067805,789C,408,1,1,121,121,121,,121,0,D,D,31588,388,Other Reason,10-12-16 12:23,TS,Other,Running,New,Running,Running,,XDR2,B4  E4R TL,**,5.70137E+13,130,130,130,5/19/2016 0:01,8/15/2016 8:00,02-05-17 0:00,55556,0,0,0,96,,95,95.5,130,407,4,2,37.00R57,MICHELIN,29946,MICHELIN
OLS0062F0A,10/30/2016 0:00,PERIOD END,789C,408,1,1,121,121,115,,115,6,D,D,31974,386,Other Reason,11-04-16 8:00,TS,Other,Running,New,Running,Running,,XDR2,B4  E4R TL,**,5.70137E+13,130,130,130,5/19/2016 0:01,8/15/2016 8:00,02-05-17 0:00,55556,0,0,0,96,,95,95.5,130,407,4,2,37.00R57,MICHELIN,29946,MICHELIN
OLS0062F0A,12-05-16 0:00,PERIOD END,789C,408,1,1,115,115,108,,109,6.5,D,D,32599,625,Other Reason,12-06-16 5:08,TS,Other,Running,New,Running,Running,,XDR2,B4  E4R TL,**,5.70137E+13,130,130,130,5/19/2016 0:01,8/15/2016 8:00,02-05-17 0:00,55556,0,0,0,96,,95,95.5,130,407,4,2,37.00R57,MICHELIN,29946,MICHELIN
OLS0062F0A,12/26/2016 0:00,PERIOD END,789C,408,1,1,108,109,104,,107,3,D,D,32960,361,Other Reason,12/26/2016 14:06,TS,Other,Running,New,Running,Running,,XDR2,B4  E4R TL,**,5.70137E+13,130,130,130,5/19/2016 0:01,8/15/2016 8:00,02-05-17 0:00,55556,0,0,0,96,,95,95.5,130,407,4,2,37.00R57,MICHELIN,29946,MICHELIN
OLS0062F0A,12/27/2016 0:00,6264562,789C,408,1,1,104,107,104,,105,1,D,E,32984,24,Other Reason,12/29/2016 7:40,TS,W,Running,New,Running,Spare,,XDR2,B4  E4R TL,**,5.70137E+13,130,130,130,5/19/2016 0:01,8/15/2016 8:00,02-05-17 0:00,55556,0,0,0,96,,95,95.5,130,407,4,2,37.00R57,MICHELIN,29946,MICHELIN
OLS0066F6A,9/26/2016 23:00,6028880,789C,403,6,2,130,130,130,,130,0,H,D,26971,0,Other Reason,10/18/2016 9:32,TS,Other,Running,New,New,Running,OLS0066F6A,XDR2,B4  E4R TL,**,5.70137E+13,130,130,130,8/15/2016 0:01,9/26/2016 23:00,1/28/2017 0:00,22016,0,0,0,84,,88,86,130,403,6,2,37.00R57,MICHELIN,28690,MICHELIN
OLS0066F6A,12-03-16 0:00,PERIOD END,789C,403,6,2,130,130,107,,108,22.5,D,D,27951,980,Other Reason,12-03-16 14:07,TS,Other,Running,New,Running,Running,OLS0066F6A,XDR2,B4  E4R TL,**,5.70137E+13,130,130,130,8/15/2016 0:01,9/26/2016 23:00,1/28/2017 0:00,22016,0,0,0,84,,88,86,130,403,6,2,37.00R57,MICHELIN,28690,MICHELIN
OLS0066F6A,12/25/2016 0:00,6285598,789C,403,6,2,107,108,107,,108,0,D,D,28327,376,Other Reason,12/26/2016 15:02,TS,Other,Running,New,Running,Running,OLS0066F6A,XDR2,B4  E4R TL,**,5.70137E+13,130,130,130,8/15/2016 0:01,9/26/2016 23:00,1/28/2017 0:00,22016,0,0,0,84,,88,86,130,403,6,2,37.00R57,MICHELIN,28690,MICHELIN
OLS0066F6A,1/28/2017 0:00,PERIOD END,789C,403,6,2,107,108,84,,88,21.5,D,D,28690,363,Other Reason,02-03-17 6:26,TS,Other,Running,New,Running,Running,OLS0066F6A,XDR2,B4  E4R TL,**,5.70137E+13,130,130,130,8/15/2016 0:01,9/26/2016 23:00,1/28/2017 0:00,22016,0,0,0,84,,88,86,130,403,6,2,37.00R57,MICHELIN,28690,MICHELIN
OLS0070F2A,9/26/2016 23:00,6028880,789C,403,5,2,130,130,130,,130,0,H,D,26971,0,Other Reason,10/18/2016 9:32,TS,Other,Running,New,New,Running,OLS0070F2A,XDR2,B4  E4R TL,**,5.70137E+13,130,130,130,06-10-16 0:01,9/26/2016 23:00,1/28/2017 0:00,22016,0,0,0,83,,92,87.5,130,403,5,2,37.00R57,MICHELIN,28690,MICHELIN
OLS0070F2A,12-03-16 0:00,PERIOD END,789C,403,5,2,130,130,104,,111,22.5,D,D,27951,980,Other Reason,12-03-16 14:07,TS,Other,Running,New,Running,Running,OLS0070F2A,XDR2,B4  E4R TL,**,5.70137E+13,130,130,130,06-10-16 0:01,9/26/2016 23:00,1/28/2017 0:00,22016,0,0,0,83,,92,87.5,130,403,5,2,37.00R57,MICHELIN,28690,MICHELIN
OLS0070F2A,12/25/2016 0:00,6285598,789C,403,5,2,104,111,104,,111,0,D,D,28327,376,Other Reason,12/26/2016 15:02,TS,Other,Running,New,Running,Running,OLS0070F2A,XDR2,B4  E4R TL,**,5.70137E+13,130,130,130,06-10-16 0:01,9/26/2016 23:00,1/28/2017 0:00,22016,0,0,0,83,,92,87.5,130,403,5,2,37.00R57,MICHELIN,28690,MICHELIN
OLS0070F2A,1/28/2017 0:00,PERIOD END,789C,403,5,2,104,111,83,,92,20,D,D,28690,363,Other Reason,02-03-17 6:26,TS,Other,Running,New,Running,Running,OLS0070F2A,XDR2,B4  E4R TL,**,5.70137E+13,130,130,130,06-10-16 0:01,9/26/2016 23:00,1/28/2017 0:00,22016,0,0,0,83,,92,87.5,130,403,5,2,37.00R57,MICHELIN,28690,MICHELIN
OLS0080F2A,8/15/2016 8:00,3382628,789C,408,2,1,130,130,130,,130,0,H,D,30587,0,Other Reason,10/18/2016 9:31,TS,Other,Spare,New,New,Running,OLS0080F2A,XDR2,B4  E4R TL,**,5.70137E+13,130,130,130,5/19/2016 0:01,8/15/2016 8:00,1/21/2017 0:00,55556,0,0,0,94,,98,96,130,,,,37.00R57,MICHELIN,,MICHELIN
OLS0080F2A,8/23/2016 0:00,3411104,789C,408,2,1,130,130,130,,130,0,D,D,30704,117,Other Reason,8/26/2016 14:37,TS,Other,Spare,New,Running,Running,OLS0080F2A,XDR2,B4  E4R TL,**,5.70137E+13,130,130,130,5/19/2016 0:01,8/15/2016 8:00,1/21/2017 0:00,55556,0,0,0,94,,98,96,130,,,,37.00R57,MICHELIN,,MICHELIN
OLS0080F2A,09-04-16 0:00,PERIOD END,789C,408,2,1,130,130,124,,124,6,D,D,30952,248,Other Reason,9/15/2016 7:10,TS,Other,Spare,New,Running,Running,OLS0080F2A,XDR2,B4  E4R TL,**,5.70137E+13,130,130,130,5/19/2016 0:01,8/15/2016 8:00,1/21/2017 0:00,55556,0,0,0,94,,98,96,130,,,,37.00R57,MICHELIN,,MICHELIN
OLS0080F2A,9/18/2016 0:00,PERIOD END,789C,408,2,1,124,124,120,,121,3.5,D,D,31200,248,Other Reason,9/21/2016 11:58,TS,Other,Spare,New,Running,Running,OLS0080F2A,XDR2,B4  E4R TL,**,5.70137E+13,130,130,130,5/19/2016 0:01,8/15/2016 8:00,1/21/2017 0:00,55556,0,0,0,94,,98,96,130,,,,37.00R57,MICHELIN,,MICHELIN
OLS0080F2A,10-08-16 0:00,6067805,789C,408,2,1,120,121,120,,121,0,D,D,31588,388,Other Reason,10-12-16 12:23,TS,Other,Spare,New,Running,Running,OLS0080F2A,XDR2,B4  E4R TL,**,5.70137E+13,130,130,130,5/19/2016 0:01,8/15/2016 8:00,1/21/2017 0:00,55556,0,0,0,94,,98,96,130,,,,37.00R57,MICHELIN,,MICHELIN
OLS0080F2A,10/30/2016 0:00,PERIOD END,789C,408,2,1,120,121,114,,114,6.5,D,D,31974,386,Other Reason,11-04-16 8:00,TS,Other,Spare,New,Running,Running,OLS0080F2A,XDR2,B4  E4R TL,**,5.70137E+13,130,130,130,5/19/2016 0:01,8/15/2016 8:00,1/21/2017 0:00,55556,0,0,0,94,,98,96,130,,,,37.00R57,MICHELIN,,MICHELIN
OLS0080F2A,12-05-16 0:00,PERIOD END,789C,408,2,1,114,114,108,,110,5,D,D,32599,625,Other Reason,12-06-16 5:08,TS,Other,Spare,New,Running,Running,OLS0080F2A,XDR2,B4  E4R TL,**,5.70137E+13,130,130,130,5/19/2016 0:01,8/15/2016 8:00,1/21/2017 0:00,55556,0,0,0,94,,98,96,130,,,,37.00R57,MICHELIN,,MICHELIN
OLS0080F2A,12/26/2016 0:00,PERIOD END,789C,408,2,1,108,110,107,,109,1,D,D,32960,361,Other Reason,12/26/2016 14:06,TS,Other,Spare,New,Running,Running,OLS0080F2A,XDR2,B4  E4R TL,**,5.70137E+13,130,130,130,5/19/2016 0:01,8/15/2016 8:00,1/21/2017 0:00,55556,0,0,0,94,,98,96,130,,,,37.00R57,MICHELIN,,MICHELIN
OLS0080F2A,12/27/2016 0:00,6264562,789C,408,2,1,107,109,105,,106,2.5,D,E,32984,24,Other Reason,12/29/2016 7:40,TS,W,Spare,New,Running,Spare,OLS0080F2A,XDR2,B4  E4R TL,**,5.70137E+13,130,130,130,5/19/2016 0:01,8/15/2016 8:00,1/21/2017 0:00,55556,0,0,0,94,,98,96,130,,,,37.00R57,MICHELIN,,MICHELIN
PAL0017S3Y,11-04-16 8:00,6184533,789D,434,5,2,60,70,60,,70,0,E,D,20582,0,Other Reason,11-05-16 7:01,TS,Other,Running,New,Spare,Running,PAL0017S3Y,XDR2,E4R   B,**,5.7014E+13,123,123,123,8/17/2015 0:01,12/27/2015 0:00,02-08-17 0:00,28209,0,0,0,22,,36,29,123,434,5,2,40.00R57,MICHELIN,22080,MICHELIN
PAL0017S3Y,01-01-17 0:00,6302821,789D,434,5,2,60,70,60,,70,0,D,D,21566,984,Other Reason,01-02-17 6:01,TS,Other,Running,New,Running,Running,PAL0017S3Y,XDR2,E4R   B,**,5.7014E+13,123,123,123,8/17/2015 0:01,12/27/2015 0:00,02-08-17 0:00,28209,0,0,0,22,,36,29,123,434,5,2,40.00R57,MICHELIN,22080,MICHELIN
PAL0017S3Y,02-08-17 0:00,PERIOD END,789D,434,5,2,60,70,22,,36,36,D,D,22080,514,Other Reason,02-09-17 8:00,TS,Other,Running,New,Running,Running,PAL0017S3Y,XDR2,E4R   B,**,5.7014E+13,123,123,123,8/17/2015 0:01,12/27/2015 0:00,02-08-17 0:00,28209,0,0,0,22,,36,29,123,434,5,2,40.00R57,MICHELIN,22080,MICHELIN
PAL0024S6Y,12-04-15 23:00,2978244,789D,422,1,1,123,123,123,,123,0,H,D,19454,0,Other Reason,12/18/2015 8:36,TS,Other,Scrap/Not Worth Repairing,New,New,Running,PAL0024S6Y,XDR2,E4R   B,**,5.7014E+13,123,123,123,8/17/2015 0:01,12-04-15 0:00,1/17/2017 0:00,28209,0,0,0,10,,17,13.5,123,,,,40.00R57,MICHELIN,,MICHELIN
PAL0024S6Y,01-06-16 0:00,PERIOD END,789D,422,1,1,123,123,114,,114,9,D,D,20200,746,Other Reason,01-09-16 10:38,TS,Other,Scrap/Not Worth Repairing,New,Running,Running,PAL0024S6Y,XDR2,E4R   B,**,5.7014E+13,123,123,123,8/17/2015 0:01,12-04-15 0:00,1/17/2017 0:00,28209,0,0,0,10,,17,13.5,123,,,,40.00R57,MICHELIN,,MICHELIN
PAL0024S6Y,03-01-16 0:00,PERIOD END,789D,422,1,1,114,114,104,,108,8,D,D,21373,1173,Other Reason,03-03-16 12:01,TS,Other,Scrap/Not Worth Repairing,New,Running,Running,PAL0024S6Y,XDR2,E4R   B,**,5.7014E+13,123,123,123,8/17/2015 0:01,12-04-15 0:00,1/17/2017 0:00,28209,0,0,0,10,,17,13.5,123,,,,40.00R57,MICHELIN,,MICHELIN
PAL0024S6Y,3/29/2016 0:00,PERIOD END,789D,422,1,1,104,108,102,,104,3,D,D,21897,524,Other Reason,3/29/2016 12:57,TS,Other,Scrap/Not Worth Repairing,New,Running,Running,PAL0024S6Y,XDR2,E4R   B,**,5.7014E+13,123,123,123,8/17/2015 0:01,12-04-15 0:00,1/17/2017 0:00,28209,0,0,0,10,,17,13.5,123,,,,40.00R57,MICHELIN,,MICHELIN
PAL0024S6Y,4/14/2016 0:00,PERIOD END,789D,422,1,1,102,104,99,,102,2.5,D,D,22158,261,Other Reason,4/20/2016 9:51,TS,Other,Scrap/Not Worth Repairing,New,Running,Running,PAL0024S6Y,XDR2,E4R   B,**,5.7014E+13,123,123,123,8/17/2015 0:01,12-04-15 0:00,1/17/2017 0:00,28209,0,0,0,10,,17,13.5,123,,,,40.00R57,MICHELIN,,MICHELIN
PAL0024S6Y,4/25/2016 0:00,3096252,789D,422,1,1,99,102,99,,102,0,D,E,22339,181,Other Reason,4/27/2016 8:53,TS,W,Scrap/Not Worth Repairing,New,Running,Spare,PAL0024S6Y,XDR2,E4R   B,**,5.7014E+13,123,123,123,8/17/2015 0:01,12-04-15 0:00,1/17/2017 0:00,28209,0,0,0,10,,17,13.5,123,,,,40.00R57,MICHELIN,,MICHELIN
PLK0278S5A,12/15/2016 8:00,6265139,789D,422,6,2,84,87,84,,87,0,E,D,26607,0,Other Reason,12/21/2016 8:06,TS,Other,Running,New,Spare,Running,,XDR2,E4R   B,**,5.7014E+13,123,123,123,07-04-16 0:01,7/15/2016 0:00,02-05-17 0:00,17000,0,0,0,60,,62,61,123,422,6,2,40.00R57,MICHELIN,27571,MICHELIN
PLK0278S5A,12/26/2016 0:00,PERIOD END,789D,422,6,2,84,87,80,,79,6,D,D,26799,192,Other Reason,12/26/2016 5:16,TS,Other,Running,New,Running,Running,,XDR2,E4R   B,**,5.7014E+13,123,123,123,07-04-16 0:01,7/15/2016 0:00,02-05-17 0:00,17000,0,0,0,60,,62,61,123,422,6,2,40.00R57,MICHELIN,27571,MICHELIN
PLK0278S5A,02-05-17 0:00,PERIOD END,789D,422,6,2,80,79,60,,62,18.5,D,D,27571,772,Other Reason,02-09-17 7:48,TS,Other,Running,New,Running,Running,,XDR2,E4R   B,**,5.7014E+13,123,123,123,07-04-16 0:01,7/15/2016 0:00,02-05-17 0:00,17000,0,0,0,60,,62,61,123,422,6,2,40.00R57,MICHELIN,27571,MICHELIN
PLP0012E0Y,03-05-15 0:00,2613474,789C,403,5,2,67,67,55,,60,9.5,D,C,17856,1124,SEPARACION EN EL FLANCO,03-11-15 16:03,TS,D,Scrap/Not Worth Repairing,New,Running,Scrap/Not Worth Repairing,PLP0012E0Y,XDR2,B4  E4R TL,**,5.70137E+13,130,130,130,10-05-12 0:01,12/21/2012 0:00,03-05-15 0:00,28918,0,0,0,55,,60,57.5,130,,,,37.00R57,MICHELIN,,MICHELIN
PLS0050F2A,12/25/2016 0:08,6285598,789C,403,1,1,130,130,130,,130,0,H,D,28327,0,Other Reason,12/26/2016 15:02,TS,Other,Running,New,New,Running,PLS0050F2A,XDR2,B4  E4R TL,**,5.70137E+13,130,130,130,7/21/2016 0:01,12/25/2016 0:08,1/28/2017 0:00,22016,0,0,0,118,,119,118.5,130,403,1,1,37.00R57,,28690,MICHELIN
PLS0050F2A,1/28/2017 0:00,PERIOD END,789C,403,1,1,130,130,118,,119,11.5,D,D,28690,363,Other Reason,02-03-17 6:26,TS,Other,Running,New,Running,Running,PLS0050F2A,XDR2,B4  E4R TL,**,5.70137E+13,130,130,130,7/21/2016 0:01,12/25/2016 0:08,1/28/2017 0:00,22016,0,0,0,118,,119,118.5,130,403,1,1,37.00R57,,28690,MICHELIN
PLS0058F4A,9/26/2016 23:00,6028880,789C,403,4,2,130,130,130,,130,0,H,D,26971,0,Other Reason,10/18/2016 9:32,TS,Other,Running,New,New,Running,PLS0058F4A,XDR2,B4  E4R TL,**,5.70137E+13,130,130,130,7/21/2016 0:01,9/26/2016 23:00,1/28/2017 0:00,22016,0,0,0,94,,92,93,130,403,4,2,37.00R57,,28690,MICHELIN
PLS0058F4A,12-03-16 0:00,PERIOD END,789C,403,4,2,130,130,107,,111,21,D,D,27951,980,Other Reason,12-03-16 14:07,TS,Other,Running,New,Running,Running,PLS0058F4A,XDR2,B4  E4R TL,**,5.70137E+13,130,130,130,7/21/2016 0:01,9/26/2016 23:00,1/28/2017 0:00,22016,0,0,0,94,,92,93,130,403,4,2,37.00R57,,28690,MICHELIN
PLS0058F4A,12/25/2016 0:00,6285598,789C,403,4,2,107,111,107,,111,0,D,D,28327,376,Other Reason,12/26/2016 15:02,TS,Other,Running,New,Running,Running,PLS0058F4A,XDR2,B4  E4R TL,**,5.70137E+13,130,130,130,7/21/2016 0:01,9/26/2016 23:00,1/28/2017 0:00,22016,0,0,0,94,,92,93,130,403,4,2,37.00R57,,28690,MICHELIN
PLS0058F4A,1/28/2017 0:00,PERIOD END,789C,403,4,2,107,111,94,,92,16,D,D,28690,363,Other Reason,02-03-17 6:26,TS,Other,Running,New,Running,Running,PLS0058F4A,XDR2,B4  E4R TL,**,5.70137E+13,130,130,130,7/21/2016 0:01,9/26/2016 23:00,1/28/2017 0:00,22016,0,0,0,94,,92,93,130,403,4,2,37.00R57,,28690,MICHELIN
PLS0062F0A,9/26/2016 23:00,6028880,789C,403,3,2,130,130,130,,130,0,H,D,26971,0,Other Reason,10/18/2016 9:32,TS,Other,Running,New,New,Running,PLS0062F0A,XDR2,B4  E4R TL,**,5.70137E+13,130,130,130,7/21/2016 0:01,9/26/2016 23:00,1/28/2017 0:00,22016,0,0,0,82,,93,87.5,130,403,3,2,37.00R57,,28690,MICHELIN
PLS0062F0A,12-03-16 0:00,PERIOD END,789C,403,3,2,130,130,107,,112,20.5,D,D,27951,980,Other Reason,12-03-16 14:07,TS,Other,Running,New,Running,Running,PLS0062F0A,XDR2,B4  E4R TL,**,5.70137E+13,130,130,130,7/21/2016 0:01,9/26/2016 23:00,1/28/2017 0:00,22016,0,0,0,82,,93,87.5,130,403,3,2,37.00R57,,28690,MICHELIN
PLS0062F0A,12/25/2016 0:00,6285598,789C,403,3,2,107,112,107,,112,0,D,D,28327,376,Other Reason,12/26/2016 15:02,TS,Other,Running,New,Running,Running,PLS0062F0A,XDR2,B4  E4R TL,**,5.70137E+13,130,130,130,7/21/2016 0:01,9/26/2016 23:00,1/28/2017 0:00,22016,0,0,0,82,,93,87.5,130,403,3,2,37.00R57,,28690,MICHELIN
PLS0062F0A,1/28/2017 0:00,PERIOD END,789C,403,3,2,107,112,82,,93,22,D,D,28690,363,Other Reason,02-03-17 6:26,TS,Other,Running,New,Running,Running,PLS0062F0A,XDR2,B4  E4R TL,**,5.70137E+13,130,130,130,7/21/2016 0:01,9/26/2016 23:00,1/28/2017 0:00,22016,0,0,0,82,,93,87.5,130,403,3,2,37.00R57,,28690,MICHELIN
PLS0076F6A,12/25/2016 0:08,6285598,789C,403,2,1,130,130,130,,130,0,H,D,28327,0,Other Reason,12/26/2016 15:02,TS,Other,Running,New,New,Running,PLS0076F6A,XDR2,B4  E4R TL,**,5.70137E+13,130,130,130,7/21/2016 0:01,12/25/2016 0:08,1/28/2017 0:00,22016,0,0,0,116,,120,118,130,403,2,1,37.00R57,,28690,MICHELIN
PLS0076F6A,1/28/2017 0:00,PERIOD END,789C,403,2,1,130,130,116,,120,12,D,D,28690,363,Other Reason,02-03-17 6:26,TS,Other,Running,New,Running,Running,PLS0076F6A,XDR2,B4  E4R TL,**,5.70137E+13,130,130,130,7/21/2016 0:01,12/25/2016 0:08,1/28/2017 0:00,22016,0,0,0,116,,120,118,130,403,2,1,37.00R57,,28690,MICHELIN
PLS0078F9A,9/26/2016 23:00,6028880,789C,403,1,1,130,130,130,,130,0,H,D,26971,0,Other Reason,10/18/2016 9:31,TS,Other,Spare,New,New,Running,PLS0078F9A,XDR2,B4  E4R TL,**,5.70137E+13,130,130,130,8/15/2016 0:01,9/26/2016 23:00,12/25/2016 0:00,22016,0,0,0,107,,108,107.5,130,,,,37.00R57,MICHELIN,,MICHELIN
PLS0078F9A,12-03-16 0:00,PERIOD END,789C,403,1,1,130,130,108,,110,21,D,D,27951,980,Other Reason,12-03-16 14:07,TS,Other,Spare,New,Running,Running,PLS0078F9A,XDR2,B4  E4R TL,**,5.70137E+13,130,130,130,8/15/2016 0:01,9/26/2016 23:00,12/25/2016 0:00,22016,0,0,0,107,,108,107.5,130,,,,37.00R57,MICHELIN,,MICHELIN
PLS0078F9A,12/25/2016 0:00,6285598,789C,403,1,1,108,110,107,,108,1.5,D,E,28327,376,POR ROTACION,12/26/2016 15:02,TS,W,Spare,New,Running,Spare,PLS0078F9A,XDR2,B4  E4R TL,**,5.70137E+13,130,130,130,8/15/2016 0:01,9/26/2016 23:00,12/25/2016 0:00,22016,0,0,0,107,,108,107.5,130,,,,37.00R57,MICHELIN,,MICHELIN
RAL0025S5Y,11/26/2016 20:00,6220046,789D,422,1,1,123,123,123,,123,0,H,D,26282,0,Other Reason,12-02-16 5:21,TS,Other,Running,New,New,Running,RAL0025S5Y,XDR2,E4R   B,**,5.7014E+13,123,123,123,01-01-16 0:01,11/26/2016 20:00,02-05-17 0:00,26717,0,0,0,106,,107,106.5,123,422,1,1,40.00R57,MICHELIN,27571,MICHELIN
RAL0025S5Y,12/15/2016 0:00,6265139,789D,422,1,1,123,123,123,,123,0,D,D,26607,325,Other Reason,12/21/2016 8:06,TS,Other,Running,New,Running,Running,RAL0025S5Y,XDR2,E4R   B,**,5.7014E+13,123,123,123,01-01-16 0:01,11/26/2016 20:00,02-05-17 0:00,26717,0,0,0,106,,107,106.5,123,422,1,1,40.00R57,MICHELIN,27571,MICHELIN
RAL0025S5Y,12/26/2016 0:00,PERIOD END,789D,422,1,1,123,123,113,,114,9.5,D,D,26799,192,Other Reason,12/26/2016 5:16,TS,Other,Running,New,Running,Running,RAL0025S5Y,XDR2,E4R   B,**,5.7014E+13,123,123,123,01-01-16 0:01,11/26/2016 20:00,02-05-17 0:00,26717,0,0,0,106,,107,106.5,123,422,1,1,40.00R57,MICHELIN,27571,MICHELIN
RAL0025S5Y,02-05-17 0:00,PERIOD END,789D,422,1,1,113,114,106,,107,7,D,D,27571,772,Other Reason,02-09-17 7:48,TS,Other,Running,New,Running,Running,RAL0025S5Y,XDR2,E4R   B,**,5.7014E+13,123,123,123,01-01-16 0:01,11/26/2016 20:00,02-05-17 0:00,26717,0,0,0,106,,107,106.5,123,422,1,1,40.00R57,MICHELIN,27571,MICHELIN
RLP0360S3A,10/30/2014 7:00,2469958,789D,434,5,2,32,44,29,,36,0,D,D,8733,947,Other Reason,08-04-16 7:09,TS,Other,Scrap/Not Worth Repairing,New,Running,Running,RLP0360S3A,XDR2,E4R   B,**,57014000010A00,123,123,123,10-05-12 0:01,10/15/2012 0:00,10/31/2014 15:00,33606,0,0,0,20,,20,20,123,,0,0,40.00R57,MICHELIN,,MICHELIN
RLP0360S3A,10/31/2014 15:00,2469958-1,789D,434,5,2,32,44,20,,20,18,D,C,8734,1,DESGASTE TOTAL DE LA BANDA DE RODADURA,11/14/2014 10:26,TS,A,Scrap/Not Worth Repairing,New,Running,Scrap/Not Worth Repairing,RLP0360S3A,XDR2,E4R   B,**,57014000010A00,123,123,123,10-05-12 0:01,10/15/2012 0:00,10/31/2014 15:00,33606,0,0,0,20,,20,20,123,,0,0,40.00R57,MICHELIN,,MICHELIN
RLP0447A4A,7/30/2015 4:00,2802838,789C,408,6,2,67,76,67,,76,0,E,D,24379,0,Other Reason,7/31/2015 7:10,TS,Other,Scrap/Not Worth Repairing,New,Spare,Running,RLP0447A4A,XDR,B4,2*,5.70137E+13,126,126,126,12-08-12 0:01,9/22/2014 0:00,1/30/2016 0:00,27131,0,0,0,20,,29,24.5,126,,,,37.00R57,MICHELIN,,MICHELIN
RLP0447A4A,8/20/2015 0:00,2831610,789C,408,6,2,67,76,67,,76,0,D,D,24450,71,Other Reason,8/21/2015 7:59,TS,Other,Scrap/Not Worth Repairing,New,Running,Running,RLP0447A4A,XDR,B4,2*,5.70137E+13,126,126,126,12-08-12 0:01,9/22/2014 0:00,1/30/2016 0:00,27131,0,0,0,20,,29,24.5,126,,,,37.00R57,MICHELIN,,MICHELIN
RLP0447A4A,11-04-15 0:00,2950334,789C,408,6,2,67,76,67,,76,0,D,D,26178,1531,Other Reason,12-03-15 4:15,TS,Other,Scrap/Not Worth Repairing,New,Running,Running,RLP0447A4A,XDR,B4,2*,5.70137E+13,126,126,126,12-08-12 0:01,9/22/2014 0:00,1/30/2016 0:00,27131,0,0,0,20,,29,24.5,126,,,,37.00R57,MICHELIN,,MICHELIN
RLP0447A4A,1/30/2016 0:00,3047316,789C,408,6,2,67,76,20,,29,47,D,C,27552,1374,Other Reason,03-09-16 11:59,TS,D,Scrap/Not Worth Repairing,New,Running,Scrap/Not Worth Repairing,RLP0447A4A,XDR,B4,2*,5.70137E+13,126,126,126,12-08-12 0:01,9/22/2014 0:00,1/30/2016 0:00,27131,0,0,0,20,,29,24.5,126,,,,37.00R57,MICHELIN,,MICHELIN
RLP0508A3A,03-05-15 0:00,2613474,789C,403,2,1,114,114,114,,114,0,D,D,17856,1124,Other Reason,03-11-15 16:03,TS,Other,Scrap/Not Worth Repairing,New,Running,Running,RLP0508A3A,XDR,B4,2*,5.70137E+13,126,126,126,12-08-12 0:01,11-02-14 0:00,12/18/2015 0:00,27131,0,0,0,61,,72,66.5,126,,,,37.00R57,MICHELIN,,MICHELIN
RLP0508A3A,03-11-15 0:00,PERIOD END,789C,403,2,1,114,114,108,,107,6.5,D,D,17982,126,Other Reason,3/20/2015 13:12,TS,Other,Scrap/Not Worth Repairing,New,Running,Running,RLP0508A3A,XDR,B4,2*,5.70137E+13,126,126,126,12-08-12 0:01,11-02-14 0:00,12/18/2015 0:00,27131,0,0,0,61,,72,66.5,126,,,,37.00R57,MICHELIN,,MICHELIN
RLP0508A3A,4/18/2015 10:00,2671334,789C,403,2,1,108,107,108,,107,0,D,D,18440,458,Other Reason,4/21/2015 10:21,TS,Other,Scrap/Not Worth Repairing,New,Running,Running,RLP0508A3A,XDR,B4,2*,5.70137E+13,126,126,126,12-08-12 0:01,11-02-14 0:00,12/18/2015 0:00,27131,0,0,0,61,,72,66.5,126,,,,37.00R57,MICHELIN,,MICHELIN
RLP0508A3A,4/21/2015 0:00,PERIOD END,789C,403,2,1,108,107,103,,103,4.5,D,D,18487,47,Other Reason,4/21/2015 13:56,TS,Other,Scrap/Not Worth Repairing,New,Running,Running,RLP0508A3A,XDR,B4,2*,5.70137E+13,126,126,126,12-08-12 0:01,11-02-14 0:00,12/18/2015 0:00,27131,0,0,0,61,,72,66.5,126,,,,37.00R57,MICHELIN,,MICHELIN
RLP0508A3A,5/30/2015 0:00,2718243,789C,403,2,1,103,103,103,,98,2.5,D,E,18892,405,Other Reason,06-02-15 9:13,TS,W,Scrap/Not Worth Repairing,New,Running,Spare,RLP0508A3A,XDR,B4,2*,5.70137E+13,126,126,126,12-08-12 0:01,11-02-14 0:00,12/18/2015 0:00,27131,0,0,0,61,,72,66.5,126,,,,37.00R57,MICHELIN,,MICHELIN
S2B000365,09-11-15 0:01,28600719,789D,434,4,2,87,94,87,,94,0,E,D,13828,0,Other Reason,9/16/2015 7:20,TS,Other,Scrap/Not Worth Repairing,New,Spare,Running,S2B000365,VRDPZ,E2A,**,5.7024E+13,124,124,124,02-12-13 0:01,12-07-14 11:30,5/21/2016 0:00,38143,0,0,0,43,,48,45.5,124,,,,40.00R57,BRIDGESTONE,,BRIDGESTONE
S2B000365,9/15/2015 0:00,PERIOD END,789D,434,4,2,87,94,83,,85,6.5,D,D,13828,0,Other Reason,9/16/2015 13:15,TS,Other,Scrap/Not Worth Repairing,New,Running,Running,S2B000365,VRDPZ,E2A,**,5.7024E+13,124,124,124,02-12-13 0:01,12-07-14 11:30,5/21/2016 0:00,38143,0,0,0,43,,48,45.5,124,,,,40.00R57,BRIDGESTONE,,BRIDGESTONE
S2B000365,10-02-15 0:00,PERIOD END,789D,434,4,2,83,85,83,,85,0,D,D,14143,315,Other Reason,10-07-15 15:13,TS,Other,Scrap/Not Worth Repairing,New,Running,Running,S2B000365,VRDPZ,E2A,**,5.7024E+13,124,124,124,02-12-13 0:01,12-07-14 11:30,5/21/2016 0:00,38143,0,0,0,43,,48,45.5,124,,,,40.00R57,BRIDGESTONE,,BRIDGESTONE
S2B000365,12/21/2015 0:00,2987435,789D,434,4,2,83,85,83,,85,0,D,D,15332,1189,Other Reason,12/23/2015 7:44,TS,Other,Scrap/Not Worth Repairing,New,Running,Running,S2B000365,VRDPZ,E2A,**,5.7024E+13,124,124,124,02-12-13 0:01,12-07-14 11:30,5/21/2016 0:00,38143,0,0,0,43,,48,45.5,124,,,,40.00R57,BRIDGESTONE,,BRIDGESTONE
S2B000365,01-07-16 0:00,PERIOD END,789D,434,4,2,83,85,68,,70,15,D,D,15495,163,Other Reason,01-09-16 8:44,TS,Other,Scrap/Not Worth Repairing,New,Running,Running,S2B000365,VRDPZ,E2A,**,5.7024E+13,124,124,124,02-12-13 0:01,12-07-14 11:30,5/21/2016 0:00,38143,0,0,0,43,,48,45.5,124,,,,40.00R57,BRIDGESTONE,,BRIDGESTONE
S2B000365,1/16/2016 0:00,PERIOD END,789D,434,4,2,68,70,66,,70,1,D,D,15710,215,Other Reason,1/20/2016 10:30,TS,Other,Scrap/Not Worth Repairing,New,Running,Running,S2B000365,VRDPZ,E2A,**,5.7024E+13,124,124,124,02-12-13 0:01,12-07-14 11:30,5/21/2016 0:00,38143,0,0,0,43,,48,45.5,124,,,,40.00R57,BRIDGESTONE,,BRIDGESTONE
S2B000365,03-03-16 0:00,3086914,789D,434,4,2,66,70,66,,70,0,D,D,16830,1120,Other Reason,04-06-16 12:03,TS,Other,Scrap/Not Worth Repairing,New,Running,Running,S2B000365,VRDPZ,E2A,**,5.7024E+13,124,124,124,02-12-13 0:01,12-07-14 11:30,5/21/2016 0:00,38143,0,0,0,43,,48,45.5,124,,,,40.00R57,BRIDGESTONE,,BRIDGESTONE
S2B000365,4/14/2016 0:00,PERIOD END,789D,434,4,2,66,70,49,,55,16,D,D,17300,470,Other Reason,4/20/2016 12:00,TS,Other,Scrap/Not Worth Repairing,New,Running,Running,S2B000365,VRDPZ,E2A,**,5.7024E+13,124,124,124,02-12-13 0:01,12-07-14 11:30,5/21/2016 0:00,38143,0,0,0,43,,48,45.5,124,,,,40.00R57,BRIDGESTONE,,BRIDGESTONE
S2B000365,5/18/2016 0:00,PERIOD END,789D,434,4,2,49,55,43,,51,5,D,D,17799,499,Other Reason,5/18/2016 12:39,TS,Other,Scrap/Not Worth Repairing,New,Running,Running,S2B000365,VRDPZ,E2A,**,5.7024E+13,124,124,124,02-12-13 0:01,12-07-14 11:30,5/21/2016 0:00,38143,0,0,0,43,,48,45.5,124,,,,40.00R57,BRIDGESTONE,,BRIDGESTONE
S2B000365,5/21/2016 0:00,3271320,789D,434,4,2,43,51,43,,48,1.5,D,C,17834,35,DANOS EN LOS HOMBROS CON CABLE ROTO,5/25/2016 9:51,TS,P,Scrap/Not Worth Repairing,New,Running,Scrap/Not Worth Repairing,S2B000365,VRDPZ,E2A,**,5.7024E+13,124,124,124,02-12-13 0:01,12-07-14 11:30,5/21/2016 0:00,38143,0,0,0,43,,48,45.5,124,,,,40.00R57,BRIDGESTONE,,BRIDGESTONE
S2B000573,9/17/2016 4:00,6026975,789D,422,3,2,51,48,51,,48,0,E,D,25023,0,Other Reason,9/21/2016 9:03,TS,Other,Scrap/Not Worth Repairing,New,Spare,Running,S2B000573,VRDPZ,E2A,**,5.7024E+13,124,124,124,02-12-13 0:01,11-04-14 0:00,10-03-16 0:00,38143,0,0,0,43,,43,43,124,,,,40.00R57,BRIDGESTONE,,BRIDGESTONE
S2B000573,9/24/2016 0:00,6037864,789D,422,3,2,51,48,51,,48,0,D,D,25175,152,Other Reason,9/28/2016 9:13,TS,Other,Scrap/Not Worth Repairing,New,Running,Running,S2B000573,VRDPZ,E2A,**,5.7024E+13,124,124,124,02-12-13 0:01,11-04-14 0:00,10-03-16 0:00,38143,0,0,0,43,,43,43,124,,,,40.00R57,BRIDGESTONE,,BRIDGESTONE
S2B000573,9/25/2016 0:00,PERIOD END,789D,422,3,2,51,48,43,,43,6.5,D,D,25195,20,Other Reason,9/28/2016 15:22,TS,Other,Scrap/Not Worth Repairing,New,Running,Running,S2B000573,VRDPZ,E2A,**,5.7024E+13,124,124,124,02-12-13 0:01,11-04-14 0:00,10-03-16 0:00,38143,0,0,0,43,,43,43,124,,,,40.00R57,BRIDGESTONE,,BRIDGESTONE
S2B000573,10-03-16 0:00,3365709,789D,422,3,2,43,43,43,,43,0,D,C,25318,123,CORTE POR IMPACTO EN EL LATERAL,10-05-16 8:07,TS,B,Scrap/Not Worth Repairing,New,Running,Scrap/Not Worth Repairing,S2B000573,VRDPZ,E2A,**,5.7024E+13,124,124,124,02-12-13 0:01,11-04-14 0:00,10-03-16 0:00,38143,0,0,0,43,,43,43,124,,,,40.00R57,BRIDGESTONE,,BRIDGESTONE
S2B000993,03-10-15 0:00,PERIOD END,789D,434,3,2,106,107,90,,96,13.5,D,D,11343,1493,Other Reason,3/20/2015 14:38,TS,Other,Scrap/Not Worth Repairing,New,Running,Running,S2B000993,VRDPZ,E2A,**,5.7024E+13,124,124,124,02-12-13 0:01,10/30/2014 0:00,5/21/2016 0:00,38143,0,0,0,15,,20,17.5,124,,,,40.00R57,BRIDGESTONE,,BRIDGESTONE
S2B000993,4/21/2015 0:00,PERIOD END,789D,434,3,2,90,96,82,,90,7,D,D,11906,563,Other Reason,4/21/2015 14:20,TS,Other,Scrap/Not Worth Repairing,New,Running,Running,S2B000993,VRDPZ,E2A,**,5.7024E+13,124,124,124,02-12-13 0:01,10/30/2014 0:00,5/21/2016 0:00,38143,0,0,0,15,,20,17.5,124,,,,40.00R57,BRIDGESTONE,,BRIDGESTONE
S2B000993,5/22/2015 0:00,2714229,789D,434,3,2,82,90,82,,90,0,D,D,12517,611,Other Reason,5/26/2015 5:45,TS,Other,Scrap/Not Worth Repairing,New,Running,Running,S2B000993,VRDPZ,E2A,**,5.7024E+13,124,124,124,02-12-13 0:01,10/30/2014 0:00,5/21/2016 0:00,38143,0,0,0,15,,20,17.5,124,,,,40.00R57,BRIDGESTONE,,BRIDGESTONE
S2B000993,6/16/2015 0:00,2740616,789D,434,3,2,82,90,82,,90,0,D,D,12956,439,Other Reason,6/16/2015 9:39,TS,Other,Scrap/Not Worth Repairing,New,Running,Running,S2B000993,VRDPZ,E2A,**,5.7024E+13,124,124,124,02-12-13 0:01,10/30/2014 0:00,5/21/2016 0:00,38143,0,0,0,15,,20,17.5,124,,,,40.00R57,BRIDGESTONE,,BRIDGESTONE
S2B000993,6/26/2015 0:00,PERIOD END,789D,434,3,2,82,90,73,,80,9.5,D,D,13135,179,Other Reason,6/30/2015 11:28,TS,Other,Scrap/Not Worth Repairing,New,Running,Running,S2B000993,VRDPZ,E2A,**,5.7024E+13,124,124,124,02-12-13 0:01,10/30/2014 0:00,5/21/2016 0:00,38143,0,0,0,15,,20,17.5,124,,,,40.00R57,BRIDGESTONE,,BRIDGESTONE
S2B000993,07-07-15 0:00,PERIOD END,789D,434,3,2,73,80,68,,79,3,D,D,13368,233,Other Reason,07-08-15 12:54,TS,Other,Scrap/Not Worth Repairing,New,Running,Running,S2B000993,VRDPZ,E2A,**,5.7024E+13,124,124,124,02-12-13 0:01,10/30/2014 0:00,5/21/2016 0:00,38143,0,0,0,15,,20,17.5,124,,,,40.00R57,BRIDGESTONE,,BRIDGESTONE
S2B000993,7/20/2015 0:00,PERIOD END,789D,434,3,2,68,79,68,,73,3,D,D,13593,225,Other Reason,7/21/2015 15:54,TS,Other,Scrap/Not Worth Repairing,New,Running,Running,S2B000993,VRDPZ,E2A,**,5.7024E+13,124,124,124,02-12-13 0:01,10/30/2014 0:00,5/21/2016 0:00,38143,0,0,0,15,,20,17.5,124,,,,40.00R57,BRIDGESTONE,,BRIDGESTONE
S2B000993,09-10-15 0:00,PERIOD END,789D,434,3,2,68,73,61,,70,5,D,D,13827,234,Other Reason,09-10-15 9:01,TS,Other,Scrap/Not Worth Repairing,New,Running,Running,S2B000993,VRDPZ,E2A,**,5.7024E+13,124,124,124,02-12-13 0:01,10/30/2014 0:00,5/21/2016 0:00,38143,0,0,0,15,,20,17.5,124,,,,40.00R57,BRIDGESTONE,,BRIDGESTONE
S2B000993,09-11-15 0:00,28600719,789D,434,3,2,61,70,61,,70,0,D,D,13828,1,Other Reason,9/16/2015 7:20,TS,Other,Scrap/Not Worth Repairing,New,Running,Running,S2B000993,VRDPZ,E2A,**,5.7024E+13,124,124,124,02-12-13 0:01,10/30/2014 0:00,5/21/2016 0:00,38143,0,0,0,15,,20,17.5,124,,,,40.00R57,BRIDGESTONE,,BRIDGESTONE
S2B000993,9/15/2015 0:00,PERIOD END,789D,434,3,2,61,70,61,,70,0,D,D,13828,0,Other Reason,9/16/2015 13:15,TS,Other,Scrap/Not Worth Repairing,New,Running,Running,S2B000993,VRDPZ,E2A,**,5.7024E+13,124,124,124,02-12-13 0:01,10/30/2014 0:00,5/21/2016 0:00,38143,0,0,0,15,,20,17.5,124,,,,40.00R57,BRIDGESTONE,,BRIDGESTONE
S2B000993,10-02-15 0:00,PERIOD END,789D,434,3,2,61,70,60,,70,0.5,D,D,14143,315,Other Reason,10-07-15 15:13,TS,Other,Scrap/Not Worth Repairing,New,Running,Running,S2B000993,VRDPZ,E2A,**,5.7024E+13,124,124,124,02-12-13 0:01,10/30/2014 0:00,5/21/2016 0:00,38143,0,0,0,15,,20,17.5,124,,,,40.00R57,BRIDGESTONE,,BRIDGESTONE
S2B000993,12/21/2015 0:00,2987435,789D,434,3,2,60,70,60,,70,0,D,D,15332,1189,Other Reason,12/23/2015 7:44,TS,Other,Scrap/Not Worth Repairing,New,Running,Running,S2B000993,VRDPZ,E2A,**,5.7024E+13,124,124,124,02-12-13 0:01,10/30/2014 0:00,5/21/2016 0:00,38143,0,0,0,15,,20,17.5,124,,,,40.00R57,BRIDGESTONE,,BRIDGESTONE
S2B000993,01-07-16 0:00,PERIOD END,789D,434,3,2,60,70,47,,57,13,D,D,15495,163,Other Reason,01-09-16 8:44,TS,Other,Scrap/Not Worth Repairing,New,Running,Running,S2B000993,VRDPZ,E2A,**,5.7024E+13,124,124,124,02-12-13 0:01,10/30/2014 0:00,5/21/2016 0:00,38143,0,0,0,15,,20,17.5,124,,,,40.00R57,BRIDGESTONE,,BRIDGESTONE
S2B000993,1/16/2016 0:00,PERIOD END,789D,434,3,2,47,57,40,,50,7,D,D,15710,215,Other Reason,1/20/2016 10:30,TS,Other,Scrap/Not Worth Repairing,New,Running,Running,S2B000993,VRDPZ,E2A,**,5.7024E+13,124,124,124,02-12-13 0:01,10/30/2014 0:00,5/21/2016 0:00,38143,0,0,0,15,,20,17.5,124,,,,40.00R57,BRIDGESTONE,,BRIDGESTONE
S2B000993,03-03-16 0:00,3086914,789D,434,3,2,40,50,40,,50,0,D,D,16830,1120,Other Reason,04-06-16 12:03,TS,Other,Scrap/Not Worth Repairing,New,Running,Running,S2B000993,VRDPZ,E2A,**,5.7024E+13,124,124,124,02-12-13 0:01,10/30/2014 0:00,5/21/2016 0:00,38143,0,0,0,15,,20,17.5,124,,,,40.00R57,BRIDGESTONE,,BRIDGESTONE
S2B000993,4/14/2016 0:00,PERIOD END,789D,434,3,2,40,50,24,,41,12.5,D,D,17300,470,Other Reason,4/20/2016 12:00,TS,Other,Scrap/Not Worth Repairing,New,Running,Running,S2B000993,VRDPZ,E2A,**,5.7024E+13,124,124,124,02-12-13 0:01,10/30/2014 0:00,5/21/2016 0:00,38143,0,0,0,15,,20,17.5,124,,,,40.00R57,BRIDGESTONE,,BRIDGESTONE
S2B000993,5/18/2016 0:00,PERIOD END,789D,434,3,2,24,41,19,,34,6,D,D,17799,499,Other Reason,5/18/2016 12:39,TS,Other,Scrap/Not Worth Repairing,New,Running,Running,S2B000993,VRDPZ,E2A,**,5.7024E+13,124,124,124,02-12-13 0:01,10/30/2014 0:00,5/21/2016 0:00,38143,0,0,0,15,,20,17.5,124,,,,40.00R57,BRIDGESTONE,,BRIDGESTONE
S2B000993,5/21/2016 0:00,3271320,789D,434,3,2,19,34,15,,20,9,D,C,17834,35,FIN DE VIDA UTIL,5/25/2016 9:51,TS,A,Scrap/Not Worth Repairing,New,Running,Scrap/Not Worth Repairing,S2B000993,VRDPZ,E2A,**,5.7024E+13,124,124,124,02-12-13 0:01,10/30/2014 0:00,5/21/2016 0:00,38143,0,0,0,15,,20,17.5,124,,,,40.00R57,BRIDGESTONE,,BRIDGESTONE
S2J002075,03-10-15 0:00,PERIOD END,789D,434,5,2,107,109,90,,94,16,D,D,11343,1493,Other Reason,3/20/2015 14:38,TS,Other,Running,New,Running,Running,S2J002075,VRDPZ,E2A,**,5.7024E+13,124,124,124,02-12-13 0:01,10/31/2014 0:00,1/25/2017 0:00,38143,0,3200,0,36,,54,45,124,431,5,2,40.00R57,BRIDGESTONE,23398,BRIDGESTONE
S2J002075,4/21/2015 0:00,PERIOD END,789D,434,5,2,90,94,82,,89,6.5,D,D,11906,563,Other Reason,4/21/2015 14:20,TS,Other,Running,New,Running,Running,S2J002075,VRDPZ,E2A,**,5.7024E+13,124,124,124,02-12-13 0:01,10/31/2014 0:00,1/25/2017 0:00,38143,0,3200,0,36,,54,45,124,431,5,2,40.00R57,BRIDGESTONE,23398,BRIDGESTONE
S2J002075,5/22/2015 0:00,2714229,789D,434,5,2,82,89,82,,89,0,D,D,12517,611,Other Reason,5/26/2015 5:45,TS,Other,Running,New,Running,Running,S2J002075,VRDPZ,E2A,**,5.7024E+13,124,124,124,02-12-13 0:01,10/31/2014 0:00,1/25/2017 0:00,38143,0,3200,0,36,,54,45,124,431,5,2,40.00R57,BRIDGESTONE,23398,BRIDGESTONE
S2J002075,6/16/2015 0:00,2740616,789D,434,5,2,82,89,82,,89,0,D,D,12956,439,Other Reason,6/16/2015 9:39,TS,Other,Running,New,Running,Running,S2J002075,VRDPZ,E2A,**,5.7024E+13,124,124,124,02-12-13 0:01,10/31/2014 0:00,1/25/2017 0:00,38143,0,3200,0,36,,54,45,124,431,5,2,40.00R57,BRIDGESTONE,23398,BRIDGESTONE
S2J002075,6/26/2015 0:00,PERIOD END,789D,434,5,2,82,89,64,,76,15.5,D,D,13135,179,Other Reason,6/30/2015 11:28,TS,Other,Running,New,Running,Running,S2J002075,VRDPZ,E2A,**,5.7024E+13,124,124,124,02-12-13 0:01,10/31/2014 0:00,1/25/2017 0:00,38143,0,3200,0,36,,54,45,124,431,5,2,40.00R57,BRIDGESTONE,23398,BRIDGESTONE
S2J002075,07-07-15 0:00,PERIOD END,789D,434,5,2,64,76,62,,75,1.5,D,D,13368,233,Other Reason,07-08-15 12:54,TS,Other,Running,New,Running,Running,S2J002075,VRDPZ,E2A,**,5.7024E+13,124,124,124,02-12-13 0:01,10/31/2014 0:00,1/25/2017 0:00,38143,0,3200,0,36,,54,45,124,431,5,2,40.00R57,BRIDGESTONE,23398,BRIDGESTONE
S2J002075,7/20/2015 0:00,PERIOD END,789D,434,5,2,62,75,58,,73,3,D,D,13593,225,Other Reason,7/21/2015 15:54,TS,Other,Running,New,Running,Running,S2J002075,VRDPZ,E2A,**,5.7024E+13,124,124,124,02-12-13 0:01,10/31/2014 0:00,1/25/2017 0:00,38143,0,3200,0,36,,54,45,124,431,5,2,40.00R57,BRIDGESTONE,23398,BRIDGESTONE
S2J002075,09-10-15 0:00,PERIOD END,789D,434,5,2,58,73,57,,68,3,D,D,13827,234,Other Reason,09-10-15 9:01,TS,Other,Running,New,Running,Running,S2J002075,VRDPZ,E2A,**,5.7024E+13,124,124,124,02-12-13 0:01,10/31/2014 0:00,1/25/2017 0:00,38143,0,3200,0,36,,54,45,124,431,5,2,40.00R57,BRIDGESTONE,23398,BRIDGESTONE
S2J002075,09-11-15 0:00,28600719,789D,434,5,2,57,68,57,,68,0,D,D,13828,1,Other Reason,9/16/2015 7:20,TS,Other,Running,New,Running,Running,S2J002075,VRDPZ,E2A,**,5.7024E+13,124,124,124,02-12-13 0:01,10/31/2014 0:00,1/25/2017 0:00,38143,0,3200,0,36,,54,45,124,431,5,2,40.00R57,BRIDGESTONE,23398,BRIDGESTONE
S2J002075,9/15/2015 0:00,PERIOD END,789D,434,5,2,57,68,57,,68,0,D,D,13828,0,Other Reason,9/16/2015 13:15,TS,Other,Running,New,Running,Running,S2J002075,VRDPZ,E2A,**,5.7024E+13,124,124,124,02-12-13 0:01,10/31/2014 0:00,1/25/2017 0:00,38143,0,3200,0,36,,54,45,124,431,5,2,40.00R57,BRIDGESTONE,23398,BRIDGESTONE
S2J002075,10-02-15 0:00,PERIOD END,789D,434,5,2,57,68,55,,66,2,D,D,14143,315,Other Reason,10-07-15 15:13,TS,Other,Running,New,Running,Running,S2J002075,VRDPZ,E2A,**,5.7024E+13,124,124,124,02-12-13 0:01,10/31/2014 0:00,1/25/2017 0:00,38143,0,3200,0,36,,54,45,124,431,5,2,40.00R57,BRIDGESTONE,23398,BRIDGESTONE
S2J002075,12/21/2015 0:00,2987435,789D,434,5,2,55,66,55,,66,0,D,D,15332,1189,Other Reason,12/23/2015 7:44,TS,Other,Running,New,Running,Running,S2J002075,VRDPZ,E2A,**,5.7024E+13,124,124,124,02-12-13 0:01,10/31/2014 0:00,1/25/2017 0:00,38143,0,3200,0,36,,54,45,124,431,5,2,40.00R57,BRIDGESTONE,23398,BRIDGESTONE
S2J002075,01-07-16 0:00,PERIOD END,789D,434,5,2,55,66,36,,54,15.5,D,D,15495,163,Other Reason,01-09-16 8:44,TS,Other,Running,New,Running,Running,S2J002075,VRDPZ,E2A,**,5.7024E+13,124,124,124,02-12-13 0:01,10/31/2014 0:00,1/25/2017 0:00,38143,0,3200,0,36,,54,45,124,431,5,2,40.00R57,BRIDGESTONE,23398,BRIDGESTONE
S2J002075,1/16/2016 0:00,PERIOD END,789D,434,5,2,36,54,36,,54,0,D,D,15710,215,Other Reason,1/20/2016 10:30,TS,Other,Running,New,Running,Running,S2J002075,VRDPZ,E2A,**,5.7024E+13,124,124,124,02-12-13 0:01,10/31/2014 0:00,1/25/2017 0:00,38143,0,3200,0,36,,54,45,124,431,5,2,40.00R57,BRIDGESTONE,23398,BRIDGESTONE
S2J002075,03-03-16 0:00,3086914,789D,434,5,2,36,54,36,,54,0,D,A,16830,1120,Other Reason,1/18/2017 8:40,TS,P,Running,New,Running,Repair,S2J002075,VRDPZ,E2A,**,5.7024E+13,124,124,124,02-12-13 0:01,10/31/2014 0:00,1/25/2017 0:00,38143,0,3200,0,36,,54,45,124,431,5,2,40.00R57,BRIDGESTONE,23398,BRIDGESTONE
S2J002283,03-10-15 0:00,PERIOD END,789D,434,1,1,111,112,102,,108,6.5,D,D,11343,1493,Other Reason,3/20/2015 14:38,TS,Other,Scrap/Not Worth Repairing,New,Running,Running,S2J002283,VRDPZ,E2A,**,5.7024E+13,124,124,124,02-12-13 0:01,10/30/2014 0:00,5/31/2016 0:00,38143,0,0,0,65,,67,66,124,,,,40.00R57,BRIDGESTONE,,BRIDGESTONE
S2J002283,4/21/2015 0:00,PERIOD END,789D,434,1,1,102,108,96,,102,6,D,D,11906,563,Other Reason,4/21/2015 14:20,TS,Other,Scrap/Not Worth Repairing,New,Running,Running,S2J002283,VRDPZ,E2A,**,5.7024E+13,124,124,124,02-12-13 0:01,10/30/2014 0:00,5/31/2016 0:00,38143,0,0,0,65,,67,66,124,,,,40.00R57,BRIDGESTONE,,BRIDGESTONE
S2J002283,5/22/2015 0:00,2714229,789D,434,1,1,96,102,96,,102,0,D,D,12517,611,Other Reason,5/26/2015 5:45,TS,Other,Scrap/Not Worth Repairing,New,Running,Running,S2J002283,VRDPZ,E2A,**,5.7024E+13,124,124,124,02-12-13 0:01,10/30/2014 0:00,5/31/2016 0:00,38143,0,0,0,65,,67,66,124,,,,40.00R57,BRIDGESTONE,,BRIDGESTONE
S2J002283,6/16/2015 0:00,2740616,789D,434,1,1,96,102,82,,95,10.5,D,E,12956,439,Other Reason,6/16/2015 9:39,TS,W,Scrap/Not Worth Repairing,New,Running,Spare,S2J002283,VRDPZ,E2A,**,5.7024E+13,124,124,124,02-12-13 0:01,10/30/2014 0:00,5/31/2016 0:00,38143,0,0,0,65,,67,66,124,,,,40.00R57,BRIDGESTONE,,BRIDGESTONE
S2J002484,12-04-15 23:00,2978244,789D,422,5,2,92,89,92,,89,0,E,D,19454,0,Other Reason,12/18/2015 8:36,TS,Other,Scrap/Not Worth Repairing,New,Spare,Running,S2J002484,VRDPZ,E2A,**,5.7024E+13,124,124,124,02-12-13 0:01,12-09-13 0:00,7/19/2016 0:00,38143,0,0,0,50,,61,55.5,124,,,,40.00R57,BRIDGESTONE,,BRIDGESTONE
S2J002484,01-06-16 0:00,PERIOD END,789D,422,5,2,92,89,87,,89,2.5,D,D,20200,746,Other Reason,01-09-16 10:38,TS,Other,Scrap/Not Worth Repairing,New,Running,Running,S2J002484,VRDPZ,E2A,**,5.7024E+13,124,124,124,02-12-13 0:01,12-09-13 0:00,7/19/2016 0:00,38143,0,0,0,50,,61,55.5,124,,,,40.00R57,BRIDGESTONE,,BRIDGESTONE
S2J002484,03-01-16 0:00,PERIOD END,789D,422,5,2,87,89,74,,78,12,D,D,21373,1173,Other Reason,03-03-16 12:01,TS,Other,Scrap/Not Worth Repairing,New,Running,Running,S2J002484,VRDPZ,E2A,**,5.7024E+13,124,124,124,02-12-13 0:01,12-09-13 0:00,7/19/2016 0:00,38143,0,0,0,50,,61,55.5,124,,,,40.00R57,BRIDGESTONE,,BRIDGESTONE
S2J002484,3/29/2016 0:00,PERIOD END,789D,422,5,2,74,78,74,,78,0,D,D,21897,524,Other Reason,3/29/2016 12:57,TS,Other,Scrap/Not Worth Repairing,New,Running,Running,S2J002484,VRDPZ,E2A,**,5.7024E+13,124,124,124,02-12-13 0:01,12-09-13 0:00,7/19/2016 0:00,38143,0,0,0,50,,61,55.5,124,,,,40.00R57,BRIDGESTONE,,BRIDGESTONE
S2J002484,4/14/2016 0:00,PERIOD END,789D,422,5,2,74,78,70,,78,2,D,D,22158,261,Other Reason,4/20/2016 9:51,TS,Other,Scrap/Not Worth Repairing,New,Running,Running,S2J002484,VRDPZ,E2A,**,5.7024E+13,124,124,124,02-12-13 0:01,12-09-13 0:00,7/19/2016 0:00,38143,0,0,0,50,,61,55.5,124,,,,40.00R57,BRIDGESTONE,,BRIDGESTONE
S2J002484,4/25/2016 0:00,3096252,789D,422,5,2,70,78,70,,78,0,D,D,22339,181,Other Reason,4/27/2016 8:53,TS,Other,Scrap/Not Worth Repairing,New,Running,Running,S2J002484,VRDPZ,E2A,**,5.7024E+13,124,124,124,02-12-13 0:01,12-09-13 0:00,7/19/2016 0:00,38143,0,0,0,50,,61,55.5,124,,,,40.00R57,BRIDGESTONE,,BRIDGESTONE
S2J002484,5/26/2016 0:00,PERIOD END,789D,422,5,2,70,78,62,,72,7,D,D,22858,519,Other Reason,5/28/2016 13:49,TS,Other,Scrap/Not Worth Repairing,New,Running,Running,S2J002484,VRDPZ,E2A,**,5.7024E+13,124,124,124,02-12-13 0:01,12-09-13 0:00,7/19/2016 0:00,38143,0,0,0,50,,61,55.5,124,,,,40.00R57,BRIDGESTONE,,BRIDGESTONE
S2J002484,6/18/2016 0:00,3316781,789D,422,5,2,62,72,62,,72,0,D,D,23333,475,Other Reason,6/25/2016 9:45,TS,Other,Scrap/Not Worth Repairing,New,Running,Running,S2J002484,VRDPZ,E2A,**,5.7024E+13,124,124,124,02-12-13 0:01,12-09-13 0:00,7/19/2016 0:00,38143,0,0,0,50,,61,55.5,124,,,,40.00R57,BRIDGESTONE,,BRIDGESTONE
S2J002484,7/19/2016 0:00,3365651,789D,422,5,2,62,72,50,,61,11.5,D,C,23886,553,BUCHE CON CABLE ROTO,7/27/2016 14:40,TS,P,Scrap/Not Worth Repairing,New,Running,Scrap/Not Worth Repairing,S2J002484,VRDPZ,E2A,**,5.7024E+13,124,124,124,02-12-13 0:01,12-09-13 0:00,7/19/2016 0:00,38143,0,0,0,50,,61,55.5,124,,,,40.00R57,BRIDGESTONE,,BRIDGESTONE
S2J002695,03-10-15 0:00,PERIOD END,789D,434,4,2,105,106,87,,90,17,D,D,11343,1493,Other Reason,3/20/2015 14:38,TS,Other,Scrap/Not Worth Repairing,New,Running,Running,S2J002695,VRDPZ,E2A,**,5.7024E+13,124,124,124,02-12-13 0:01,10/30/2014 23:00,5/22/2015 0:00,38143,0,0,0,76,,80,78,124,,,,40.00R57,BRIDGESTONE,,BRIDGESTONE
S2J002695,4/21/2015 0:00,PERIOD END,789D,434,4,2,87,90,82,,90,2.5,D,D,11906,563,Other Reason,4/21/2015 14:20,TS,Other,Scrap/Not Worth Repairing,New,Running,Running,S2J002695,VRDPZ,E2A,**,5.7024E+13,124,124,124,02-12-13 0:01,10/30/2014 23:00,5/22/2015 0:00,38143,0,0,0,76,,80,78,124,,,,40.00R57,BRIDGESTONE,,BRIDGESTONE
S2J002695,5/22/2015 0:00,2714229,789D,434,4,2,82,90,76,,80,8,D,C,12517,611,SEPARACION ENTRE CAPAS,5/26/2015 5:45,TS,D,Scrap/Not Worth Repairing,New,Running,Scrap/Not Worth Repairing,S2J002695,VRDPZ,E2A,**,5.7024E+13,124,124,124,02-12-13 0:01,10/30/2014 23:00,5/22/2015 0:00,38143,0,0,0,76,,80,78,124,,,,40.00R57,BRIDGESTONE,,BRIDGESTONE
S2J002894,03-10-15 0:00,PERIOD END,789D,434,6,2,107,105,99,,94,9.5,D,D,11343,1493,Other Reason,3/20/2015 14:38,TS,Other,Scrap/Not Worth Repairing,New,Running,Running,S2J002894,VRDPZ,E2A,**,5.7024E+13,124,124,124,02-12-13 0:01,10/30/2014 0:00,5/30/2016 0:00,38143,0,0,0,17,,23,20,124,,,,40.00R57,BRIDGESTONE,,BRIDGESTONE
S2J002894,4/21/2015 0:00,PERIOD END,789D,434,6,2,99,94,78,,83,16,D,D,11906,563,Other Reason,4/21/2015 14:20,TS,Other,Scrap/Not Worth Repairing,New,Running,Running,S2J002894,VRDPZ,E2A,**,5.7024E+13,124,124,124,02-12-13 0:01,10/30/2014 0:00,5/30/2016 0:00,38143,0,0,0,17,,23,20,124,,,,40.00R57,BRIDGESTONE,,BRIDGESTONE
S2J002894,5/22/2015 0:00,2714229,789D,434,6,2,78,83,78,,83,0,D,D,12517,611,Other Reason,5/26/2015 5:45,TS,Other,Scrap/Not Worth Repairing,New,Running,Running,S2J002894,VRDPZ,E2A,**,5.7024E+13,124,124,124,02-12-13 0:01,10/30/2014 0:00,5/30/2016 0:00,38143,0,0,0,17,,23,20,124,,,,40.00R57,BRIDGESTONE,,BRIDGESTONE
S2J002894,6/16/2015 0:00,2740616,789D,434,6,2,78,83,78,,83,0,D,D,12956,439,Other Reason,6/16/2015 9:39,TS,Other,Scrap/Not Worth Repairing,New,Running,Running,S2J002894,VRDPZ,E2A,**,5.7024E+13,124,124,124,02-12-13 0:01,10/30/2014 0:00,5/30/2016 0:00,38143,0,0,0,17,,23,20,124,,,,40.00R57,BRIDGESTONE,,BRIDGESTONE
S2J002894,6/26/2015 0:00,PERIOD END,789D,434,6,2,78,83,68,,72,10.5,D,D,13135,179,Other Reason,6/30/2015 11:28,TS,Other,Scrap/Not Worth Repairing,New,Running,Running,S2J002894,VRDPZ,E2A,**,5.7024E+13,124,124,124,02-12-13 0:01,10/30/2014 0:00,5/30/2016 0:00,38143,0,0,0,17,,23,20,124,,,,40.00R57,BRIDGESTONE,,BRIDGESTONE
S2J002894,07-07-15 0:00,PERIOD END,789D,434,6,2,68,72,63,,72,2.5,D,D,13368,233,Other Reason,07-08-15 12:54,TS,Other,Scrap/Not Worth Repairing,New,Running,Running,S2J002894,VRDPZ,E2A,**,5.7024E+13,124,124,124,02-12-13 0:01,10/30/2014 0:00,5/30/2016 0:00,38143,0,0,0,17,,23,20,124,,,,40.00R57,BRIDGESTONE,,BRIDGESTONE
S2J002894,7/20/2015 0:00,PERIOD END,789D,434,6,2,63,72,63,,68,2,D,D,13593,225,Other Reason,7/21/2015 15:54,TS,Other,Scrap/Not Worth Repairing,New,Running,Running,S2J002894,VRDPZ,E2A,**,5.7024E+13,124,124,124,02-12-13 0:01,10/30/2014 0:00,5/30/2016 0:00,38143,0,0,0,17,,23,20,124,,,,40.00R57,BRIDGESTONE,,BRIDGESTONE
S2J002894,09-10-15 0:00,PERIOD END,789D,434,6,2,63,68,59,,68,2,D,D,13827,234,Other Reason,09-10-15 9:01,TS,Other,Scrap/Not Worth Repairing,New,Running,Running,S2J002894,VRDPZ,E2A,**,5.7024E+13,124,124,124,02-12-13 0:01,10/30/2014 0:00,5/30/2016 0:00,38143,0,0,0,17,,23,20,124,,,,40.00R57,BRIDGESTONE,,BRIDGESTONE
S2J002894,09-11-15 0:00,28600719,789D,434,6,2,59,68,59,,68,0,D,D,13828,1,Other Reason,9/16/2015 7:20,TS,Other,Scrap/Not Worth Repairing,New,Running,Running,S2J002894,VRDPZ,E2A,**,5.7024E+13,124,124,124,02-12-13 0:01,10/30/2014 0:00,5/30/2016 0:00,38143,0,0,0,17,,23,20,124,,,,40.00R57,BRIDGESTONE,,BRIDGESTONE
S2J002894,9/15/2015 0:00,PERIOD END,789D,434,6,2,59,68,59,,67,0.5,D,D,13828,0,Other Reason,9/16/2015 13:15,TS,Other,Scrap/Not Worth Repairing,New,Running,Running,S2J002894,VRDPZ,E2A,**,5.7024E+13,124,124,124,02-12-13 0:01,10/30/2014 0:00,5/30/2016 0:00,38143,0,0,0,17,,23,20,124,,,,40.00R57,BRIDGESTONE,,BRIDGESTONE
S2J002894,10-02-15 0:00,PERIOD END,789D,434,6,2,59,67,57,,65,2,D,D,14143,315,Other Reason,10-07-15 15:13,TS,Other,Scrap/Not Worth Repairing,New,Running,Running,S2J002894,VRDPZ,E2A,**,5.7024E+13,124,124,124,02-12-13 0:01,10/30/2014 0:00,5/30/2016 0:00,38143,0,0,0,17,,23,20,124,,,,40.00R57,BRIDGESTONE,,BRIDGESTONE
S2J002894,12/21/2015 0:00,2987435,789D,434,6,2,57,65,57,,65,0,D,D,15332,1189,Other Reason,12/23/2015 7:44,TS,Other,Scrap/Not Worth Repairing,New,Running,Running,S2J002894,VRDPZ,E2A,**,5.7024E+13,124,124,124,02-12-13 0:01,10/30/2014 0:00,5/30/2016 0:00,38143,0,0,0,17,,23,20,124,,,,40.00R57,BRIDGESTONE,,BRIDGESTONE
S2J002894,01-07-16 0:00,PERIOD END,789D,434,6,2,57,65,48,,46,14,D,D,15495,163,Other Reason,01-09-16 8:44,TS,Other,Scrap/Not Worth Repairing,New,Running,Running,S2J002894,VRDPZ,E2A,**,5.7024E+13,124,124,124,02-12-13 0:01,10/30/2014 0:00,5/30/2016 0:00,38143,0,0,0,17,,23,20,124,,,,40.00R57,BRIDGESTONE,,BRIDGESTONE
S2J002894,1/16/2016 0:00,PERIOD END,789D,434,6,2,48,46,37,,43,7,D,D,15710,215,Other Reason,1/20/2016 10:30,TS,Other,Scrap/Not Worth Repairing,New,Running,Running,S2J002894,VRDPZ,E2A,**,5.7024E+13,124,124,124,02-12-13 0:01,10/30/2014 0:00,5/30/2016 0:00,38143,0,0,0,17,,23,20,124,,,,40.00R57,BRIDGESTONE,,BRIDGESTONE
S2J002894,03-03-16 0:00,3086914,789D,434,6,2,37,43,22,,36,11,D,E,16830,1120,Other Reason,04-06-16 12:06,TS,W,Scrap/Not Worth Repairing,New,Running,Spare,S2J002894,VRDPZ,E2A,**,5.7024E+13,124,124,124,02-12-13 0:01,10/30/2014 0:00,5/30/2016 0:00,38143,0,0,0,17,,23,20,124,,,,40.00R57,BRIDGESTONE,,BRIDGESTONE
S2J002895,5/22/2015 5:00,2714229,789D,434,4,2,97,100,97,,100,0,E,D,12517,0,Other Reason,5/26/2015 5:45,TS,Other,Scrap/Not Worth Repairing,New,Spare,Running,S2J002895,VRDPZ,E2A,**,5.7024E+13,124,124,124,02-12-13 0:01,10/30/2014 0:00,09-11-15 0:00,38143,0,0,0,83,,85,84,124,,,,40.00R57,BRIDGESTONE,,BRIDGESTONE
S2J002895,6/16/2015 0:00,2740616,789D,434,4,2,97,100,97,,100,0,D,D,12956,439,Other Reason,6/16/2015 9:39,TS,Other,Scrap/Not Worth Repairing,New,Running,Running,S2J002895,VRDPZ,E2A,**,5.7024E+13,124,124,124,02-12-13 0:01,10/30/2014 0:00,09-11-15 0:00,38143,0,0,0,83,,85,84,124,,,,40.00R57,BRIDGESTONE,,BRIDGESTONE
S2J002895,6/26/2015 0:00,PERIOD END,789D,434,4,2,97,100,92,,93,6,D,D,13135,179,Other Reason,6/30/2015 11:28,TS,Other,Scrap/Not Worth Repairing,New,Running,Running,S2J002895,VRDPZ,E2A,**,5.7024E+13,124,124,124,02-12-13 0:01,10/30/2014 0:00,09-11-15 0:00,38143,0,0,0,83,,85,84,124,,,,40.00R57,BRIDGESTONE,,BRIDGESTONE
S2J002895,07-07-15 0:00,PERIOD END,789D,434,4,2,92,93,88,,88,4.5,D,D,13368,233,Other Reason,07-08-15 12:54,TS,Other,Scrap/Not Worth Repairing,New,Running,Running,S2J002895,VRDPZ,E2A,**,5.7024E+13,124,124,124,02-12-13 0:01,10/30/2014 0:00,09-11-15 0:00,38143,0,0,0,83,,85,84,124,,,,40.00R57,BRIDGESTONE,,BRIDGESTONE
S2J002895,7/20/2015 0:00,PERIOD END,789D,434,4,2,88,88,85,,88,1.5,D,D,13593,225,Other Reason,7/21/2015 15:54,TS,Other,Scrap/Not Worth Repairing,New,Running,Running,S2J002895,VRDPZ,E2A,**,5.7024E+13,124,124,124,02-12-13 0:01,10/30/2014 0:00,09-11-15 0:00,38143,0,0,0,83,,85,84,124,,,,40.00R57,BRIDGESTONE,,BRIDGESTONE
S2J002895,09-10-15 0:00,PERIOD END,789D,434,4,2,85,88,83,,85,2.5,D,D,13827,234,Other Reason,09-10-15 9:01,TS,Other,Scrap/Not Worth Repairing,New,Running,Running,S2J002895,VRDPZ,E2A,**,5.7024E+13,124,124,124,02-12-13 0:01,10/30/2014 0:00,09-11-15 0:00,38143,0,0,0,83,,85,84,124,,,,40.00R57,BRIDGESTONE,,BRIDGESTONE
S2J002895,09-11-15 0:00,28600719,789D,434,4,2,83,85,83,,85,0,D,C,13828,1,SEPARACION EN EL FLANCO ESTA DESCARTADA,9/16/2015 7:20,TS,D,Scrap/Not Worth Repairing,New,Running,Scrap/Not Worth Repairing,S2J002895,VRDPZ,E2A,**,5.7024E+13,124,124,124,02-12-13 0:01,10/30/2014 0:00,09-11-15 0:00,38143,0,0,0,83,,85,84,124,,,,40.00R57,BRIDGESTONE,,BRIDGESTONE
S2J005820,11-05-16 8:00,6173257,789D,422,3,2,105,105,105,,105,0,E,D,25935,0,Other Reason,11/30/2016 13:48,TS,Other,Running,New,Spare,Running,S2J005820,VRDPZ,E2A,**,5.7024E+13,124,124,124,6/13/2013 0:01,06-05-16 0:00,02-03-17 0:00,38143,0,0,0,91,,90,90.5,124,430,6,2,40.00R57,BRIDGESTONE,21053,BRIDGESTONE
S2J005820,11/26/2016 0:00,6220046,789D,422,3,2,105,105,94,,96,10,D,E,26282,347,Other Reason,12-02-16 5:21,TS,W,Running,New,Running,Spare,S2J005820,VRDPZ,E2A,**,5.7024E+13,124,124,124,6/13/2013 0:01,06-05-16 0:00,02-03-17 0:00,38143,0,0,0,91,,90,90.5,124,430,6,2,40.00R57,BRIDGESTONE,21053,BRIDGESTONE
S2J005821,03-03-16 8:00,3086914,789D,434,6,2,90,92,90,,92,0,E,D,16830,0,Other Reason,10/18/2016 13:16,TS,Other,Scrap/Not Worth Repairing,New,Spare,Running,S2J005821,VRDPZ,E2A,**,5.7024E+13,124,124,124,6/13/2013 0:01,5/15/2015 0:00,11-04-16 0:00,38143,0,0,0,36,,26,31,124,,,,40.00R57,BRIDGESTONE,,BRIDGESTONE
S2J005821,4/14/2016 0:00,PERIOD END,789D,434,6,2,90,92,79,,73,15,D,D,17300,470,Other Reason,4/20/2016 12:00,TS,Other,Scrap/Not Worth Repairing,New,Running,Running,S2J005821,VRDPZ,E2A,**,5.7024E+13,124,124,124,6/13/2013 0:01,5/15/2015 0:00,11-04-16 0:00,38143,0,0,0,36,,26,31,124,,,,40.00R57,BRIDGESTONE,,BRIDGESTONE
S2J005821,5/18/2016 0:00,PERIOD END,789D,434,6,2,79,73,73,,69,5,D,D,17799,499,Other Reason,5/18/2016 12:39,TS,Other,Scrap/Not Worth Repairing,New,Running,Running,S2J005821,VRDPZ,E2A,**,5.7024E+13,124,124,124,6/13/2013 0:01,5/15/2015 0:00,11-04-16 0:00,38143,0,0,0,36,,26,31,124,,,,40.00R57,BRIDGESTONE,,BRIDGESTONE
S2J005821,5/21/2016 0:00,3271320,789D,434,6,2,73,69,73,,69,0,D,D,17834,35,Other Reason,5/25/2016 9:51,TS,Other,Scrap/Not Worth Repairing,New,Running,Running,S2J005821,VRDPZ,E2A,**,5.7024E+13,124,124,124,6/13/2013 0:01,5/15/2015 0:00,11-04-16 0:00,38143,0,0,0,36,,26,31,124,,,,40.00R57,BRIDGESTONE,,BRIDGESTONE
S2J005821,6/25/2016 0:00,3288131,789D,434,6,2,73,69,73,,69,0,D,D,18381,547,Other Reason,6/29/2016 11:12,TS,Other,Scrap/Not Worth Repairing,New,Running,Running,S2J005821,VRDPZ,E2A,**,5.7024E+13,124,124,124,6/13/2013 0:01,5/15/2015 0:00,11-04-16 0:00,38143,0,0,0,36,,26,31,124,,,,40.00R57,BRIDGESTONE,,BRIDGESTONE
S2J005821,09-09-16 0:00,6014275,789D,434,6,2,73,69,73,,69,0,D,D,19667,1286,Other Reason,9/14/2016 9:14,TS,Other,Scrap/Not Worth Repairing,New,Running,Running,S2J005821,VRDPZ,E2A,**,5.7024E+13,124,124,124,6/13/2013 0:01,5/15/2015 0:00,11-04-16 0:00,38143,0,0,0,36,,26,31,124,,,,40.00R57,BRIDGESTONE,,BRIDGESTONE
S2J005821,9/21/2016 0:00,6033990,789D,434,6,2,73,69,73,,69,0,D,D,19871,204,Other Reason,9/23/2016 5:58,TS,Other,Scrap/Not Worth Repairing,New,Running,Running,S2J005821,VRDPZ,E2A,**,5.7024E+13,124,124,124,6/13/2013 0:01,5/15/2015 0:00,11-04-16 0:00,38143,0,0,0,36,,26,31,124,,,,40.00R57,BRIDGESTONE,,BRIDGESTONE
S2J005821,11-04-16 0:00,6184533,789D,434,6,2,73,69,36,,26,40,D,C,20582,711,DESGASTE  EN LA VANDA DE RODAMIENTO,11-05-16 7:01,TS,A,Scrap/Not Worth Repairing,New,Running,Scrap/Not Worth Repairing,S2J005821,VRDPZ,E2A,**,5.7024E+13,124,124,124,6/13/2013 0:01,5/15/2015 0:00,11-04-16 0:00,38143,0,0,0,36,,26,31,124,,,,40.00R57,BRIDGESTONE,,BRIDGESTONE
S2K000585,03-10-15 0:00,PERIOD END,789D,434,2,1,112,112,100,,108,8,D,D,11343,1493,Other Reason,3/20/2015 14:38,TS,Other,Scrap/Not Worth Repairing,New,Running,Running,S2K000585,VRDPZ,E2A,**,5.7024E+13,124,124,124,6/13/2013 0:01,10/30/2014 23:00,4/22/2016 0:00,38143,0,0,0,65,,73,69,124,,,,40.00R57,BRIDGESTONE,,BRIDGESTONE
S2K000585,4/21/2015 0:00,PERIOD END,789D,434,2,1,100,108,99,,102,3.5,D,D,11906,563,Other Reason,4/21/2015 14:20,TS,Other,Scrap/Not Worth Repairing,New,Running,Running,S2K000585,VRDPZ,E2A,**,5.7024E+13,124,124,124,6/13/2013 0:01,10/30/2014 23:00,4/22/2016 0:00,38143,0,0,0,65,,73,69,124,,,,40.00R57,BRIDGESTONE,,BRIDGESTONE
S2K000585,5/22/2015 0:00,2714229,789D,434,2,1,99,102,99,,102,0,D,D,12517,611,Other Reason,5/26/2015 5:45,TS,Other,Scrap/Not Worth Repairing,New,Running,Running,S2K000585,VRDPZ,E2A,**,5.7024E+13,124,124,124,6/13/2013 0:01,10/30/2014 23:00,4/22/2016 0:00,38143,0,0,0,65,,73,69,124,,,,40.00R57,BRIDGESTONE,,BRIDGESTONE
S2K000585,6/16/2015 0:00,2740616,789D,434,2,1,99,102,94,,97,5,D,E,12956,439,Other Reason,6/16/2015 9:39,TS,W,Scrap/Not Worth Repairing,New,Running,Spare,S2K000585,VRDPZ,E2A,**,5.7024E+13,124,124,124,6/13/2013 0:01,10/30/2014 23:00,4/22/2016 0:00,38143,0,0,0,65,,73,69,124,,,,40.00R57,BRIDGESTONE,,BRIDGESTONE
S2K001000,12-04-15 23:00,2978244,789D,422,6,2,106,103,106,,103,0,E,D,19454,0,Other Reason,12/18/2015 8:36,TS,Other,Scrap/Not Worth Repairing,New,Spare,Running,S2K001000,VRDPZ,E2A,**,5.7024E+13,124,124,124,6/24/2013 0:01,5/17/2015 0:00,9/24/2016 0:00,38143,0,0,0,48,,49,48.5,124,,,,40.00R57,BRIDGESTONE,,BRIDGESTONE
S2K001000,01-06-16 0:00,PERIOD END,789D,422,6,2,106,103,96,,99,7,D,D,20200,746,Other Reason,01-09-16 10:38,TS,Other,Scrap/Not Worth Repairing,New,Running,Running,S2K001000,VRDPZ,E2A,**,5.7024E+13,124,124,124,6/24/2013 0:01,5/17/2015 0:00,9/24/2016 0:00,38143,0,0,0,48,,49,48.5,124,,,,40.00R57,BRIDGESTONE,,BRIDGESTONE
S2K001000,03-01-16 0:00,PERIOD END,789D,422,6,2,96,99,87,,92,8,D,D,21373,1173,Other Reason,03-03-16 12:01,TS,Other,Scrap/Not Worth Repairing,New,Running,Running,S2K001000,VRDPZ,E2A,**,5.7024E+13,124,124,124,6/24/2013 0:01,5/17/2015 0:00,9/24/2016 0:00,38143,0,0,0,48,,49,48.5,124,,,,40.00R57,BRIDGESTONE,,BRIDGESTONE
S2K001000,3/29/2016 0:00,PERIOD END,789D,422,6,2,87,92,80,,88,5.5,D,D,21897,524,Other Reason,3/29/2016 12:57,TS,Other,Scrap/Not Worth Repairing,New,Running,Running,S2K001000,VRDPZ,E2A,**,5.7024E+13,124,124,124,6/24/2013 0:01,5/17/2015 0:00,9/24/2016 0:00,38143,0,0,0,48,,49,48.5,124,,,,40.00R57,BRIDGESTONE,,BRIDGESTONE
S2K001000,4/14/2016 0:00,PERIOD END,789D,422,6,2,80,88,78,,87,1.5,D,D,22158,261,Other Reason,4/20/2016 9:51,TS,Other,Scrap/Not Worth Repairing,New,Running,Running,S2K001000,VRDPZ,E2A,**,5.7024E+13,124,124,124,6/24/2013 0:01,5/17/2015 0:00,9/24/2016 0:00,38143,0,0,0,48,,49,48.5,124,,,,40.00R57,BRIDGESTONE,,BRIDGESTONE
S2K001000,4/25/2016 0:00,3096252,789D,422,6,2,78,87,78,,87,0,D,D,22339,181,Other Reason,4/27/2016 8:53,TS,Other,Scrap/Not Worth Repairing,New,Running,Running,S2K001000,VRDPZ,E2A,**,5.7024E+13,124,124,124,6/24/2013 0:01,5/17/2015 0:00,9/24/2016 0:00,38143,0,0,0,48,,49,48.5,124,,,,40.00R57,BRIDGESTONE,,BRIDGESTONE
S2K001000,5/26/2016 0:00,PERIOD END,789D,422,6,2,78,87,74,,80,5.5,D,D,22858,519,Other Reason,5/28/2016 13:49,TS,Other,Scrap/Not Worth Repairing,New,Running,Running,S2K001000,VRDPZ,E2A,**,5.7024E+13,124,124,124,6/24/2013 0:01,5/17/2015 0:00,9/24/2016 0:00,38143,0,0,0,48,,49,48.5,124,,,,40.00R57,BRIDGESTONE,,BRIDGESTONE
S2K001000,6/18/2016 0:00,3316781,789D,422,6,2,74,80,74,,80,0,D,D,23333,475,Other Reason,6/25/2016 9:45,TS,Other,Scrap/Not Worth Repairing,New,Running,Running,S2K001000,VRDPZ,E2A,**,5.7024E+13,124,124,124,6/24/2013 0:01,5/17/2015 0:00,9/24/2016 0:00,38143,0,0,0,48,,49,48.5,124,,,,40.00R57,BRIDGESTONE,,BRIDGESTONE
S2K001000,7/19/2016 0:00,3365651,789D,422,6,2,74,80,74,,80,0,D,D,23886,553,Other Reason,7/27/2016 14:40,TS,Other,Scrap/Not Worth Repairing,New,Running,Running,S2K001000,VRDPZ,E2A,**,5.7024E+13,124,124,124,6/24/2013 0:01,5/17/2015 0:00,9/24/2016 0:00,38143,0,0,0,48,,49,48.5,124,,,,40.00R57,BRIDGESTONE,,BRIDGESTONE
S2K001000,8/31/2016 0:00,3402600,789D,422,6,2,74,80,74,,80,0,D,D,24714,828,Other Reason,9/14/2016 7:49,TS,Other,Scrap/Not Worth Repairing,New,Running,Running,S2K001000,VRDPZ,E2A,**,5.7024E+13,124,124,124,6/24/2013 0:01,5/17/2015 0:00,9/24/2016 0:00,38143,0,0,0,48,,49,48.5,124,,,,40.00R57,BRIDGESTONE,,BRIDGESTONE
S2K001000,9/14/2016 0:00,PERIOD END,789D,422,6,2,74,80,48,,50,28,D,D,24975,261,Other Reason,9/15/2016 6:58,TS,Other,Scrap/Not Worth Repairing,New,Running,Running,S2K001000,VRDPZ,E2A,**,5.7024E+13,124,124,124,6/24/2013 0:01,5/17/2015 0:00,9/24/2016 0:00,38143,0,0,0,48,,49,48.5,124,,,,40.00R57,BRIDGESTONE,,BRIDGESTONE
S2K001000,9/17/2016 0:00,6026975,789D,422,6,2,48,50,48,,50,0,D,D,25023,48,Other Reason,9/21/2016 9:03,TS,Other,Scrap/Not Worth Repairing,New,Running,Running,S2K001000,VRDPZ,E2A,**,5.7024E+13,124,124,124,6/24/2013 0:01,5/17/2015 0:00,9/24/2016 0:00,38143,0,0,0,48,,49,48.5,124,,,,40.00R57,BRIDGESTONE,,BRIDGESTONE
S2K001000,9/24/2016 0:00,6037864,789D,422,6,2,48,50,48,,49,0.5,D,C,25175,152,CORTE EN EL LATERAL,9/28/2016 9:13,TS,P,Scrap/Not Worth Repairing,New,Running,Scrap/Not Worth Repairing,S2K001000,VRDPZ,E2A,**,5.7024E+13,124,124,124,6/24/2013 0:01,5/17/2015 0:00,9/24/2016 0:00,38143,0,0,0,48,,49,48.5,124,,,,40.00R57,BRIDGESTONE,,BRIDGESTONE
S2K001199,9/21/2016 6:00,6033990,789D,434,5,2,40,35,40,,35,0,E,D,19871,0,Other Reason,10/18/2016 13:16,TS,Other,Scrap/Not Worth Repairing,New,Spare,Running,S2K001199,VRDPZ,E2A,**,5.7024E+13,124,124,124,6/13/2013 0:01,5/27/2015 0:00,11-04-16 0:00,38143,0,0,0,37,,28,32.5,124,,,,40.00R57,BRIDGESTONE,,BRIDGESTONE
S2K001199,11-04-16 0:00,6184533,789D,434,5,2,40,35,37,,28,5,D,C,20582,711,DESGASTE VANDA DE RODAMIENTO,11-05-16 7:01,TS,A,Scrap/Not Worth Repairing,New,Running,Scrap/Not Worth Repairing,S2K001199,VRDPZ,E2A,**,5.7024E+13,124,124,124,6/13/2013 0:01,5/27/2015 0:00,11-04-16 0:00,38143,0,0,0,37,,28,32.5,124,,,,40.00R57,BRIDGESTONE,,BRIDGESTONE
S3E003547,12-04-15 23:00,2978244,789D,422,3,2,107,106,107,,106,0,E,D,19454,0,Other Reason,12/18/2015 8:36,TS,Other,Scrap/Not Worth Repairing,New,Spare,Running,S3E003547,VRDPZ,E2A,**,5.7024E+13,124,124,124,6/25/2013 0:01,06-08-15 22:00,9/17/2016 0:00,38143,0,0,0,43,,48,45.5,124,,,,40.00R57,BRIDGESTONE,,BRIDGESTONE
S3E003547,01-06-16 0:00,PERIOD END,789D,422,3,2,107,106,100,,102,5.5,D,D,20200,746,Other Reason,01-09-16 10:38,TS,Other,Scrap/Not Worth Repairing,New,Running,Running,S3E003547,VRDPZ,E2A,**,5.7024E+13,124,124,124,6/25/2013 0:01,06-08-15 22:00,9/17/2016 0:00,38143,0,0,0,43,,48,45.5,124,,,,40.00R57,BRIDGESTONE,,BRIDGESTONE
S3E003547,03-01-16 0:00,PERIOD END,789D,422,3,2,100,102,89,,91,11,D,D,21373,1173,Other Reason,03-03-16 12:01,TS,Other,Scrap/Not Worth Repairing,New,Running,Running,S3E003547,VRDPZ,E2A,**,5.7024E+13,124,124,124,6/25/2013 0:01,06-08-15 22:00,9/17/2016 0:00,38143,0,0,0,43,,48,45.5,124,,,,40.00R57,BRIDGESTONE,,BRIDGESTONE
S3E003547,3/29/2016 0:00,PERIOD END,789D,422,3,2,89,91,83,,85,6,D,D,21897,524,Other Reason,3/29/2016 12:57,TS,Other,Scrap/Not Worth Repairing,New,Running,Running,S3E003547,VRDPZ,E2A,**,5.7024E+13,124,124,124,6/25/2013 0:01,06-08-15 22:00,9/17/2016 0:00,38143,0,0,0,43,,48,45.5,124,,,,40.00R57,BRIDGESTONE,,BRIDGESTONE
S3E003547,4/14/2016 0:00,PERIOD END,789D,422,3,2,83,85,83,,85,0,D,D,22158,261,Other Reason,4/20/2016 9:51,TS,Other,Scrap/Not Worth Repairing,New,Running,Running,S3E003547,VRDPZ,E2A,**,5.7024E+13,124,124,124,6/25/2013 0:01,06-08-15 22:00,9/17/2016 0:00,38143,0,0,0,43,,48,45.5,124,,,,40.00R57,BRIDGESTONE,,BRIDGESTONE
S3E003547,4/25/2016 0:00,3096252,789D,422,3,2,83,85,83,,85,0,D,D,22339,181,Other Reason,4/27/2016 8:53,TS,Other,Scrap/Not Worth Repairing,New,Running,Running,S3E003547,VRDPZ,E2A,**,5.7024E+13,124,124,124,6/25/2013 0:01,06-08-15 22:00,9/17/2016 0:00,38143,0,0,0,43,,48,45.5,124,,,,40.00R57,BRIDGESTONE,,BRIDGESTONE
S3E003547,5/26/2016 0:00,PERIOD END,789D,422,3,2,83,85,76,,79,6.5,D,D,22858,519,Other Reason,5/28/2016 13:49,TS,Other,Scrap/Not Worth Repairing,New,Running,Running,S3E003547,VRDPZ,E2A,**,5.7024E+13,124,124,124,6/25/2013 0:01,06-08-15 22:00,9/17/2016 0:00,38143,0,0,0,43,,48,45.5,124,,,,40.00R57,BRIDGESTONE,,BRIDGESTONE
S3E003547,6/18/2016 0:00,3316781,789D,422,3,2,76,79,76,,79,0,D,D,23333,475,Other Reason,6/25/2016 9:45,TS,Other,Scrap/Not Worth Repairing,New,Running,Running,S3E003547,VRDPZ,E2A,**,5.7024E+13,124,124,124,6/25/2013 0:01,06-08-15 22:00,9/17/2016 0:00,38143,0,0,0,43,,48,45.5,124,,,,40.00R57,BRIDGESTONE,,BRIDGESTONE
S3E003547,7/19/2016 0:00,3365651,789D,422,3,2,76,79,76,,79,0,D,D,23886,553,Other Reason,7/27/2016 14:40,TS,Other,Scrap/Not Worth Repairing,New,Running,Running,S3E003547,VRDPZ,E2A,**,5.7024E+13,124,124,124,6/25/2013 0:01,06-08-15 22:00,9/17/2016 0:00,38143,0,0,0,43,,48,45.5,124,,,,40.00R57,BRIDGESTONE,,BRIDGESTONE
S3E003547,8/31/2016 0:00,3402600,789D,422,3,2,76,79,76,,79,0,D,D,24714,828,Other Reason,9/14/2016 7:49,TS,Other,Scrap/Not Worth Repairing,New,Running,Running,S3E003547,VRDPZ,E2A,**,5.7024E+13,124,124,124,6/25/2013 0:01,06-08-15 22:00,9/17/2016 0:00,38143,0,0,0,43,,48,45.5,124,,,,40.00R57,BRIDGESTONE,,BRIDGESTONE
S3E003547,9/14/2016 0:00,PERIOD END,789D,422,3,2,76,79,43,,48,32,D,D,24975,261,Other Reason,9/15/2016 6:58,TS,Other,Scrap/Not Worth Repairing,New,Running,Running,S3E003547,VRDPZ,E2A,**,5.7024E+13,124,124,124,6/25/2013 0:01,06-08-15 22:00,9/17/2016 0:00,38143,0,0,0,43,,48,45.5,124,,,,40.00R57,BRIDGESTONE,,BRIDGESTONE
S3E003547,9/17/2016 0:00,6026975,789D,422,3,2,43,48,43,,48,0,D,C,25023,48,BUCHE EN EL COSTADO,9/21/2016 9:03,TS,P,Scrap/Not Worth Repairing,New,Running,Scrap/Not Worth Repairing,S3E003547,VRDPZ,E2A,**,5.7024E+13,124,124,124,6/25/2013 0:01,06-08-15 22:00,9/17/2016 0:00,38143,0,0,0,43,,48,45.5,124,,,,40.00R57,BRIDGESTONE,,BRIDGESTONE
S3E003732,6/18/2016 5:00,3316781,789D,422,4,2,50,52,50,,52,0,E,D,23333,0,Other Reason,10/18/2016 13:16,TS,Other,Scrap/Not Worth Repairing,New,Spare,Running,S3E003732,VRDPZ,E2A,**,5.7024E+13,124,124,124,6/30/2013 0:01,5/27/2015 23:00,10/30/2016 0:00,38143,0,0,0,17,,28,22.5,124,,,,40.00R57,BRIDGESTONE,,BRIDGESTONE
S3E003732,7/19/2016 0:00,3365651,789D,422,4,2,50,52,50,,52,0,D,D,23886,553,Other Reason,7/27/2016 14:40,TS,Other,Scrap/Not Worth Repairing,New,Running,Running,S3E003732,VRDPZ,E2A,**,5.7024E+13,124,124,124,6/30/2013 0:01,5/27/2015 23:00,10/30/2016 0:00,38143,0,0,0,17,,28,22.5,124,,,,40.00R57,BRIDGESTONE,,BRIDGESTONE
S3E003732,8/31/2016 0:00,3402600,789D,422,4,2,50,52,50,,52,0,D,D,24714,828,Other Reason,9/14/2016 7:49,TS,Other,Scrap/Not Worth Repairing,New,Running,Running,S3E003732,VRDPZ,E2A,**,5.7024E+13,124,124,124,6/30/2013 0:01,5/27/2015 23:00,10/30/2016 0:00,38143,0,0,0,17,,28,22.5,124,,,,40.00R57,BRIDGESTONE,,BRIDGESTONE
S3E003732,9/14/2016 0:00,PERIOD END,789D,422,4,2,50,52,36,,32,17,D,D,24975,261,Other Reason,9/15/2016 6:58,TS,Other,Scrap/Not Worth Repairing,New,Running,Running,S3E003732,VRDPZ,E2A,**,5.7024E+13,124,124,124,6/30/2013 0:01,5/27/2015 23:00,10/30/2016 0:00,38143,0,0,0,17,,28,22.5,124,,,,40.00R57,BRIDGESTONE,,BRIDGESTONE
S3E003732,9/17/2016 0:00,6026975,789D,422,4,2,36,32,36,,32,0,D,D,25023,48,Other Reason,9/21/2016 9:03,TS,Other,Scrap/Not Worth Repairing,New,Running,Running,S3E003732,VRDPZ,E2A,**,5.7024E+13,124,124,124,6/30/2013 0:01,5/27/2015 23:00,10/30/2016 0:00,38143,0,0,0,17,,28,22.5,124,,,,40.00R57,BRIDGESTONE,,BRIDGESTONE
S3E003732,9/24/2016 0:00,6037864,789D,422,4,2,36,32,36,,32,0,D,D,25175,152,Other Reason,9/28/2016 9:13,TS,Other,Scrap/Not Worth Repairing,New,Running,Running,S3E003732,VRDPZ,E2A,**,5.7024E+13,124,124,124,6/30/2013 0:01,5/27/2015 23:00,10/30/2016 0:00,38143,0,0,0,17,,28,22.5,124,,,,40.00R57,BRIDGESTONE,,BRIDGESTONE
S3E003732,9/25/2016 0:00,PERIOD END,789D,422,4,2,36,32,31,,29,4,D,D,25195,20,Other Reason,9/28/2016 15:22,TS,Other,Scrap/Not Worth Repairing,New,Running,Running,S3E003732,VRDPZ,E2A,**,5.7024E+13,124,124,124,6/30/2013 0:01,5/27/2015 23:00,10/30/2016 0:00,38143,0,0,0,17,,28,22.5,124,,,,40.00R57,BRIDGESTONE,,BRIDGESTONE
S3E003732,10-03-16 0:00,3365709,789D,422,4,2,31,29,31,,29,0,D,D,25318,123,Other Reason,10-05-16 8:07,TS,Other,Scrap/Not Worth Repairing,New,Running,Running,S3E003732,VRDPZ,E2A,**,5.7024E+13,124,124,124,6/30/2013 0:01,5/27/2015 23:00,10/30/2016 0:00,38143,0,0,0,17,,28,22.5,124,,,,40.00R57,BRIDGESTONE,,BRIDGESTONE
S3E003732,10/30/2016 0:00,6060502,789D,422,4,2,31,29,17,,28,7.5,D,C,25850,532,Other Reason,11-03-16 14:43,TS,A,Scrap/Not Worth Repairing,New,Running,Scrap/Not Worth Repairing,S3E003732,VRDPZ,E2A,**,5.7024E+13,124,124,124,6/30/2013 0:01,5/27/2015 23:00,10/30/2016 0:00,38143,0,0,0,17,,28,22.5,124,,,,40.00R57,BRIDGESTONE,,BRIDGESTONE
S3E003733,03-03-16 8:00,3086914,789D,434,5,2,88,85,88,,85,0,E,D,16830,0,Other Reason,04-06-16 12:03,TS,Other,Scrap/Not Worth Repairing,New,Spare,Running,S3E003733,VRDPZ,E2A,**,5.7024E+13,124,124,124,6/30/2013 0:01,5/14/2015 0:00,9/21/2016 0:00,38143,0,0,0,48,,32,40,124,,,,40.00R57,BRIDGESTONE,,BRIDGESTONE
S3E003733,4/14/2016 0:00,PERIOD END,789D,434,5,2,88,85,76,,81,8,D,D,17300,470,Other Reason,4/20/2016 12:00,TS,Other,Scrap/Not Worth Repairing,New,Running,Running,S3E003733,VRDPZ,E2A,**,5.7024E+13,124,124,124,6/30/2013 0:01,5/14/2015 0:00,9/21/2016 0:00,38143,0,0,0,48,,32,40,124,,,,40.00R57,BRIDGESTONE,,BRIDGESTONE
S3E003733,5/18/2016 0:00,PERIOD END,789D,434,5,2,76,81,65,,76,8,D,D,17799,499,Other Reason,5/18/2016 12:39,TS,Other,Scrap/Not Worth Repairing,New,Running,Running,S3E003733,VRDPZ,E2A,**,5.7024E+13,124,124,124,6/30/2013 0:01,5/14/2015 0:00,9/21/2016 0:00,38143,0,0,0,48,,32,40,124,,,,40.00R57,BRIDGESTONE,,BRIDGESTONE
S3E003733,5/21/2016 0:00,3271320,789D,434,5,2,65,76,65,,76,0,D,D,17834,35,Other Reason,5/25/2016 9:51,TS,Other,Scrap/Not Worth Repairing,New,Running,Running,S3E003733,VRDPZ,E2A,**,5.7024E+13,124,124,124,6/30/2013 0:01,5/14/2015 0:00,9/21/2016 0:00,38143,0,0,0,48,,32,40,124,,,,40.00R57,BRIDGESTONE,,BRIDGESTONE
S3E003733,6/25/2016 0:00,3288131,789D,434,5,2,65,76,65,,76,0,D,D,18381,547,Other Reason,6/29/2016 11:12,TS,Other,Scrap/Not Worth Repairing,New,Running,Running,S3E003733,VRDPZ,E2A,**,5.7024E+13,124,124,124,6/30/2013 0:01,5/14/2015 0:00,9/21/2016 0:00,38143,0,0,0,48,,32,40,124,,,,40.00R57,BRIDGESTONE,,BRIDGESTONE
S3E003733,09-09-16 0:00,6014275,789D,434,5,2,65,76,65,,76,0,D,D,19667,1286,Other Reason,9/14/2016 9:14,TS,Other,Scrap/Not Worth Repairing,New,Running,Running,S3E003733,VRDPZ,E2A,**,5.7024E+13,124,124,124,6/30/2013 0:01,5/14/2015 0:00,9/21/2016 0:00,38143,0,0,0,48,,32,40,124,,,,40.00R57,BRIDGESTONE,,BRIDGESTONE
S3E003733,9/21/2016 0:00,6033990,789D,434,5,2,65,76,48,,32,30.5,D,C,19871,204,TIENE PICHADURA EN LA BANDA DE RODAMIENTO,9/23/2016 5:58,TS,K,Scrap/Not Worth Repairing,New,Running,Scrap/Not Worth Repairing,S3E003733,VRDPZ,E2A,**,5.7024E+13,124,124,124,6/30/2013 0:01,5/14/2015 0:00,9/21/2016 0:00,38143,0,0,0,48,,32,40,124,,,,40.00R57,BRIDGESTONE,,BRIDGESTONE
S3E004279,11-05-16 8:00,6173257,789D,422,4,2,67,78,67,,78,0,E,D,25935,0,Other Reason,11/30/2016 13:48,TS,Other,Scrap/Not Worth Repairing,New,Spare,Running,S3E004279,VRDPZ,E2A,**,5.7024E+13,124,124,124,6/30/2013 0:01,5/17/2015 0:00,11/26/2016 0:00,38143,0,0,0,60,,72,66,124,,,,40.00R57,BRIDGESTONE,,BRIDGESTONE
S3E004279,11/26/2016 0:00,6220046,789D,422,4,2,67,78,60,,72,6.5,D,C,26282,347,REBENTO,12-02-16 5:21,TS,D,Scrap/Not Worth Repairing,New,Running,Scrap/Not Worth Repairing,S3E004279,VRDPZ,E2A,**,5.7024E+13,124,124,124,6/30/2013 0:01,5/17/2015 0:00,11/26/2016 0:00,38143,0,0,0,60,,72,66,124,,,,40.00R57,BRIDGESTONE,,BRIDGESTONE
S3S003152,12/21/2015 8:00,2987435,789D,434,1,1,124,124,124,,124,0,H,D,15332,0,Other Reason,12/23/2015 7:44,TS,Other,Inspection,New,New,Running,S3S003152,VRDPZ,E2A,**,5.7024E+13,124,124,124,06-10-13 0:01,12/21/2015 0:00,11/24/2016 0:00,38143,0,0,0,69,,76,72.5,124,,,,40.00R57,BRIDGESTONE,,BRIDGESTONE
S3S003152,01-07-16 0:00,PERIOD END,789D,434,1,1,124,124,118,,120,5,D,D,15495,163,Other Reason,01-09-16 8:44,TS,Other,Inspection,New,Running,Running,S3S003152,VRDPZ,E2A,**,5.7024E+13,124,124,124,06-10-13 0:01,12/21/2015 0:00,11/24/2016 0:00,38143,0,0,0,69,,76,72.5,124,,,,40.00R57,BRIDGESTONE,,BRIDGESTONE
S3S003152,1/16/2016 0:00,PERIOD END,789D,434,1,1,118,120,116,,116,3,D,D,15710,215,Other Reason,1/20/2016 10:30,TS,Other,Inspection,New,Running,Running,S3S003152,VRDPZ,E2A,**,5.7024E+13,124,124,124,06-10-13 0:01,12/21/2015 0:00,11/24/2016 0:00,38143,0,0,0,69,,76,72.5,124,,,,40.00R57,BRIDGESTONE,,BRIDGESTONE
S3S003152,03-03-16 0:00,3086914,789D,434,1,1,116,116,116,,116,0,D,D,16830,1120,Other Reason,04-06-16 12:03,TS,Other,Inspection,New,Running,Running,S3S003152,VRDPZ,E2A,**,5.7024E+13,124,124,124,06-10-13 0:01,12/21/2015 0:00,11/24/2016 0:00,38143,0,0,0,69,,76,72.5,124,,,,40.00R57,BRIDGESTONE,,BRIDGESTONE
S3S003152,4/14/2016 0:00,PERIOD END,789D,434,1,1,116,116,104,,106,11,D,D,17300,470,Other Reason,4/20/2016 12:00,TS,Other,Inspection,New,Running,Running,S3S003152,VRDPZ,E2A,**,5.7024E+13,124,124,124,06-10-13 0:01,12/21/2015 0:00,11/24/2016 0:00,38143,0,0,0,69,,76,72.5,124,,,,40.00R57,BRIDGESTONE,,BRIDGESTONE
S3S003152,5/18/2016 0:00,PERIOD END,789D,434,1,1,104,106,101,,105,2,D,D,17799,499,Other Reason,5/18/2016 12:39,TS,Other,Inspection,New,Running,Running,S3S003152,VRDPZ,E2A,**,5.7024E+13,124,124,124,06-10-13 0:01,12/21/2015 0:00,11/24/2016 0:00,38143,0,0,0,69,,76,72.5,124,,,,40.00R57,BRIDGESTONE,,BRIDGESTONE
S3S003152,5/21/2016 0:00,3271320,789D,434,1,1,101,105,101,,105,0,D,D,17834,35,Other Reason,5/25/2016 9:51,TS,Other,Inspection,New,Running,Running,S3S003152,VRDPZ,E2A,**,5.7024E+13,124,124,124,06-10-13 0:01,12/21/2015 0:00,11/24/2016 0:00,38143,0,0,0,69,,76,72.5,124,,,,40.00R57,BRIDGESTONE,,BRIDGESTONE
S3S003152,6/25/2016 0:00,3288131,789D,434,1,1,101,105,96,,99,5.5,D,E,18381,547,Other Reason,6/29/2016 11:12,TS,W,Inspection,New,Running,Spare,S3S003152,VRDPZ,E2A,**,5.7024E+13,124,124,124,06-10-13 0:01,12/21/2015 0:00,11/24/2016 0:00,38143,0,0,0,69,,76,72.5,124,,,,40.00R57,BRIDGESTONE,,BRIDGESTONE
S3S003548,12-04-15 23:00,2978244,789D,422,4,2,95,104,95,,104,0,E,D,19454,0,Other Reason,12/18/2015 8:36,TS,Other,Running,New,Spare,Running,S3S003548,VRDPZ,E2A,**,5.7024E+13,124,124,124,6/13/2013 0:01,07-09-15 8:00,02-03-17 0:00,38143,0,0,0,39,,47,43,124,430,5,2,40.00R57,BRIDGESTONE,21053,BRIDGESTONE
S3S003548,01-06-16 0:00,PERIOD END,789D,422,4,2,95,104,95,,95,4.5,D,D,20200,746,Other Reason,01-09-16 10:38,TS,Other,Running,New,Running,Running,S3S003548,VRDPZ,E2A,**,5.7024E+13,124,124,124,6/13/2013 0:01,07-09-15 8:00,02-03-17 0:00,38143,0,0,0,39,,47,43,124,430,5,2,40.00R57,BRIDGESTONE,21053,BRIDGESTONE
S3S003548,03-01-16 0:00,PERIOD END,789D,422,4,2,95,95,86,,88,8,D,D,21373,1173,Other Reason,03-03-16 12:01,TS,Other,Running,New,Running,Running,S3S003548,VRDPZ,E2A,**,5.7024E+13,124,124,124,6/13/2013 0:01,07-09-15 8:00,02-03-17 0:00,38143,0,0,0,39,,47,43,124,430,5,2,40.00R57,BRIDGESTONE,21053,BRIDGESTONE
S3S003548,3/29/2016 0:00,PERIOD END,789D,422,4,2,86,88,84,,84,3,D,D,21897,524,Other Reason,3/29/2016 12:57,TS,Other,Running,New,Running,Running,S3S003548,VRDPZ,E2A,**,5.7024E+13,124,124,124,6/13/2013 0:01,07-09-15 8:00,02-03-17 0:00,38143,0,0,0,39,,47,43,124,430,5,2,40.00R57,BRIDGESTONE,21053,BRIDGESTONE
S3S003548,4/14/2016 0:00,PERIOD END,789D,422,4,2,84,84,80,,80,4,D,D,22158,261,Other Reason,4/20/2016 9:51,TS,Other,Running,New,Running,Running,S3S003548,VRDPZ,E2A,**,5.7024E+13,124,124,124,6/13/2013 0:01,07-09-15 8:00,02-03-17 0:00,38143,0,0,0,39,,47,43,124,430,5,2,40.00R57,BRIDGESTONE,21053,BRIDGESTONE
S3S003548,4/25/2016 0:00,3096252,789D,422,4,2,80,80,80,,80,0,D,D,22339,181,Other Reason,4/27/2016 8:53,TS,Other,Running,New,Running,Running,S3S003548,VRDPZ,E2A,**,5.7024E+13,124,124,124,6/13/2013 0:01,07-09-15 8:00,02-03-17 0:00,38143,0,0,0,39,,47,43,124,430,5,2,40.00R57,BRIDGESTONE,21053,BRIDGESTONE
S3S003548,5/26/2016 0:00,PERIOD END,789D,422,4,2,80,80,73,,74,6.5,D,D,22858,519,Other Reason,5/28/2016 13:49,TS,Other,Running,New,Running,Running,S3S003548,VRDPZ,E2A,**,5.7024E+13,124,124,124,6/13/2013 0:01,07-09-15 8:00,02-03-17 0:00,38143,0,0,0,39,,47,43,124,430,5,2,40.00R57,BRIDGESTONE,21053,BRIDGESTONE
S3S003548,6/18/2016 0:00,3316781,789D,422,4,2,73,74,65,,69,6.5,D,A,23333,475,CORTE EN EL LATERAL CABLE ROTO,6/25/2016 9:45,TS,P,Running,New,Running,Repair,S3S003548,VRDPZ,E2A,**,5.7024E+13,124,124,124,6/13/2013 0:01,07-09-15 8:00,02-03-17 0:00,38143,0,0,0,39,,47,43,124,430,5,2,40.00R57,BRIDGESTONE,21053,BRIDGESTONE
S3S003549,9/24/2016 4:00,6037864,789D,422,6,2,39,50,39,,50,0,E,D,25175,0,Other Reason,10/18/2016 13:16,TS,Other,Scrap/Not Worth Repairing,New,Spare,Running,S3S003549,VRDPZ,E2A,**,5.7024E+13,124,124,124,6/13/2013 0:01,06-08-15 0:00,11/26/2016 0:00,38143,0,0,0,37,,26,31.5,124,,,,40.00R57,BRIDGESTONE,,BRIDGESTONE
S3S003549,9/25/2016 0:00,PERIOD END,789D,422,6,2,39,50,39,,40,5,D,D,25195,20,Other Reason,9/28/2016 15:22,TS,Other,Scrap/Not Worth Repairing,New,Running,Running,S3S003549,VRDPZ,E2A,**,5.7024E+13,124,124,124,6/13/2013 0:01,06-08-15 0:00,11/26/2016 0:00,38143,0,0,0,37,,26,31.5,124,,,,40.00R57,BRIDGESTONE,,BRIDGESTONE
S3S003549,10-03-16 0:00,3365709,789D,422,6,2,39,40,39,,40,0,D,D,25318,123,Other Reason,10-05-16 8:07,TS,Other,Scrap/Not Worth Repairing,New,Running,Running,S3S003549,VRDPZ,E2A,**,5.7024E+13,124,124,124,6/13/2013 0:01,06-08-15 0:00,11/26/2016 0:00,38143,0,0,0,37,,26,31.5,124,,,,40.00R57,BRIDGESTONE,,BRIDGESTONE
S3S003549,10/30/2016 0:00,6060502,789D,422,6,2,39,40,39,,40,0,D,D,25850,532,Other Reason,11-03-16 14:43,TS,Other,Scrap/Not Worth Repairing,New,Running,Running,S3S003549,VRDPZ,E2A,**,5.7024E+13,124,124,124,6/13/2013 0:01,06-08-15 0:00,11/26/2016 0:00,38143,0,0,0,37,,26,31.5,124,,,,40.00R57,BRIDGESTONE,,BRIDGESTONE
S3S003549,11-05-16 0:00,6173257,789D,422,6,2,39,40,39,,40,0,D,D,25935,85,Other Reason,11/30/2016 13:48,TS,Other,Scrap/Not Worth Repairing,New,Running,Running,S3S003549,VRDPZ,E2A,**,5.7024E+13,124,124,124,6/13/2013 0:01,06-08-15 0:00,11/26/2016 0:00,38143,0,0,0,37,,26,31.5,124,,,,40.00R57,BRIDGESTONE,,BRIDGESTONE
S3S003549,11/26/2016 0:00,6220046,789D,422,6,2,39,40,37,,26,8,D,C,26282,347,DESCARTADA POR DEGASTE,12-02-16 5:21,TS,A,Scrap/Not Worth Repairing,New,Running,Scrap/Not Worth Repairing,S3S003549,VRDPZ,E2A,**,5.7024E+13,124,124,124,6/13/2013 0:01,06-08-15 0:00,11/26/2016 0:00,38143,0,0,0,37,,26,31.5,124,,,,40.00R57,BRIDGESTONE,,BRIDGESTONE
S3S003752,12/21/2015 8:00,2987435,789D,434,2,1,124,124,124,,124,0,H,D,15332,0,Other Reason,12/23/2015 7:44,TS,Other,Running,New,New,Running,S3S003752,VRDPZ,E2A,**,5.7024E+13,124,124,124,06-10-13 0:01,12/21/2015 0:00,02-07-17 0:00,38143,0,0,0,32,,45,38.5,124,427,5,2,40.00R57,BRIDGESTONE,26383,BRIDGESTONE
S3S003752,01-07-16 0:00,PERIOD END,789D,434,2,1,124,124,119,,119,5,D,D,15495,163,Other Reason,01-09-16 8:44,TS,Other,Running,New,Running,Running,S3S003752,VRDPZ,E2A,**,5.7024E+13,124,124,124,06-10-13 0:01,12/21/2015 0:00,02-07-17 0:00,38143,0,0,0,32,,45,38.5,124,427,5,2,40.00R57,BRIDGESTONE,26383,BRIDGESTONE
S3S003752,1/16/2016 0:00,PERIOD END,789D,434,2,1,119,119,118,,118,1,D,D,15710,215,Other Reason,1/20/2016 10:30,TS,Other,Running,New,Running,Running,S3S003752,VRDPZ,E2A,**,5.7024E+13,124,124,124,06-10-13 0:01,12/21/2015 0:00,02-07-17 0:00,38143,0,0,0,32,,45,38.5,124,427,5,2,40.00R57,BRIDGESTONE,26383,BRIDGESTONE
S3S003752,03-03-16 0:00,3086914,789D,434,2,1,118,118,118,,118,0,D,D,16830,1120,Other Reason,04-06-16 12:03,TS,Other,Running,New,Running,Running,S3S003752,VRDPZ,E2A,**,5.7024E+13,124,124,124,06-10-13 0:01,12/21/2015 0:00,02-07-17 0:00,38143,0,0,0,32,,45,38.5,124,427,5,2,40.00R57,BRIDGESTONE,26383,BRIDGESTONE
S3S003752,4/14/2016 0:00,PERIOD END,789D,434,2,1,118,118,107,,105,12,D,D,17300,470,Other Reason,4/20/2016 12:00,TS,Other,Running,New,Running,Running,S3S003752,VRDPZ,E2A,**,5.7024E+13,124,124,124,06-10-13 0:01,12/21/2015 0:00,02-07-17 0:00,38143,0,0,0,32,,45,38.5,124,427,5,2,40.00R57,BRIDGESTONE,26383,BRIDGESTONE
S3S003752,5/18/2016 0:00,PERIOD END,789D,434,2,1,107,105,104,,103,2.5,D,D,17799,499,Other Reason,5/18/2016 12:39,TS,Other,Running,New,Running,Running,S3S003752,VRDPZ,E2A,**,5.7024E+13,124,124,124,06-10-13 0:01,12/21/2015 0:00,02-07-17 0:00,38143,0,0,0,32,,45,38.5,124,427,5,2,40.00R57,BRIDGESTONE,26383,BRIDGESTONE
S3S003752,5/21/2016 0:00,3271320,789D,434,2,1,104,103,104,,103,0,D,D,17834,35,Other Reason,5/25/2016 9:51,TS,Other,Running,New,Running,Running,S3S003752,VRDPZ,E2A,**,5.7024E+13,124,124,124,06-10-13 0:01,12/21/2015 0:00,02-07-17 0:00,38143,0,0,0,32,,45,38.5,124,427,5,2,40.00R57,BRIDGESTONE,26383,BRIDGESTONE
S3S003752,6/25/2016 0:00,3288131,789D,434,2,1,104,103,101,,100,3,D,E,18381,547,Other Reason,6/29/2016 11:12,TS,W,Running,New,Running,Spare,S3S003752,VRDPZ,E2A,**,5.7024E+13,124,124,124,06-10-13 0:01,12/21/2015 0:00,02-07-17 0:00,38143,0,0,0,32,,45,38.5,124,427,5,2,40.00R57,BRIDGESTONE,26383,BRIDGESTONE
S3S003955,7/19/2016 5:00,3365651,789D,422,5,2,72,67,72,,67,0,E,D,23886,0,Other Reason,10/18/2016 13:16,TS,Other,Scrap/Not Worth Repairing,New,Spare,Running,S3S003955,VRDPZ,E2A,**,5.7024E+13,124,124,124,06-10-13 0:01,9/14/2015 0:00,12/15/2016 0:00,38143,0,0,0,36,,32,34,124,,,,40.00R57,BRIDGESTONE,,BRIDGESTONE
S3S003955,8/31/2016 0:00,3402600,789D,422,5,2,72,67,72,,67,0,D,D,24714,828,Other Reason,9/14/2016 7:49,TS,Other,Scrap/Not Worth Repairing,New,Running,Running,S3S003955,VRDPZ,E2A,**,5.7024E+13,124,124,124,06-10-13 0:01,9/14/2015 0:00,12/15/2016 0:00,38143,0,0,0,36,,32,34,124,,,,40.00R57,BRIDGESTONE,,BRIDGESTONE
S3S003955,9/14/2016 0:00,PERIOD END,789D,422,5,2,72,67,51,,57,15.5,D,D,24975,261,Other Reason,9/15/2016 6:58,TS,Other,Scrap/Not Worth Repairing,New,Running,Running,S3S003955,VRDPZ,E2A,**,5.7024E+13,124,124,124,06-10-13 0:01,9/14/2015 0:00,12/15/2016 0:00,38143,0,0,0,36,,32,34,124,,,,40.00R57,BRIDGESTONE,,BRIDGESTONE
S3S003955,9/17/2016 0:00,6026975,789D,422,5,2,51,57,51,,57,0,D,D,25023,48,Other Reason,9/21/2016 9:03,TS,Other,Scrap/Not Worth Repairing,New,Running,Running,S3S003955,VRDPZ,E2A,**,5.7024E+13,124,124,124,06-10-13 0:01,9/14/2015 0:00,12/15/2016 0:00,38143,0,0,0,36,,32,34,124,,,,40.00R57,BRIDGESTONE,,BRIDGESTONE
S3S003955,9/24/2016 0:00,6037864,789D,422,5,2,51,57,51,,57,0,D,D,25175,152,Other Reason,9/28/2016 9:13,TS,Other,Scrap/Not Worth Repairing,New,Running,Running,S3S003955,VRDPZ,E2A,**,5.7024E+13,124,124,124,06-10-13 0:01,9/14/2015 0:00,12/15/2016 0:00,38143,0,0,0,36,,32,34,124,,,,40.00R57,BRIDGESTONE,,BRIDGESTONE
S3S003955,9/25/2016 0:00,PERIOD END,789D,422,5,2,51,57,50,,55,1.5,D,D,25195,20,Other Reason,9/28/2016 15:22,TS,Other,Scrap/Not Worth Repairing,New,Running,Running,S3S003955,VRDPZ,E2A,**,5.7024E+13,124,124,124,06-10-13 0:01,9/14/2015 0:00,12/15/2016 0:00,38143,0,0,0,36,,32,34,124,,,,40.00R57,BRIDGESTONE,,BRIDGESTONE
S3S003955,10-03-16 0:00,3365709,789D,422,5,2,50,55,50,,55,0,D,D,25318,123,Other Reason,10-05-16 8:07,TS,Other,Scrap/Not Worth Repairing,New,Running,Running,S3S003955,VRDPZ,E2A,**,5.7024E+13,124,124,124,06-10-13 0:01,9/14/2015 0:00,12/15/2016 0:00,38143,0,0,0,36,,32,34,124,,,,40.00R57,BRIDGESTONE,,BRIDGESTONE
S3S003955,10/30/2016 0:00,6060502,789D,422,5,2,50,55,50,,55,0,D,D,25850,532,Other Reason,11-03-16 14:43,TS,Other,Scrap/Not Worth Repairing,New,Running,Running,S3S003955,VRDPZ,E2A,**,5.7024E+13,124,124,124,06-10-13 0:01,9/14/2015 0:00,12/15/2016 0:00,38143,0,0,0,36,,32,34,124,,,,40.00R57,BRIDGESTONE,,BRIDGESTONE
S3S003955,11-05-16 0:00,6173257,789D,422,5,2,50,55,50,,55,0,D,D,25935,85,Other Reason,11/30/2016 13:48,TS,Other,Scrap/Not Worth Repairing,New,Running,Running,S3S003955,VRDPZ,E2A,**,5.7024E+13,124,124,124,06-10-13 0:01,9/14/2015 0:00,12/15/2016 0:00,38143,0,0,0,36,,32,34,124,,,,40.00R57,BRIDGESTONE,,BRIDGESTONE
S3S003955,11/26/2016 0:00,6220046,789D,422,5,2,50,55,50,,55,0,D,D,26282,347,Other Reason,12-02-16 5:21,TS,Other,Scrap/Not Worth Repairing,New,Running,Running,S3S003955,VRDPZ,E2A,**,5.7024E+13,124,124,124,06-10-13 0:01,9/14/2015 0:00,12/15/2016 0:00,38143,0,0,0,36,,32,34,124,,,,40.00R57,BRIDGESTONE,,BRIDGESTONE
S3S003955,12/15/2016 0:00,6265139,789D,422,5,2,50,55,36,,32,18.5,D,C,26607,325,FIN DE VIDA UTIL,12/21/2016 8:06,TS,A,Scrap/Not Worth Repairing,New,Running,Scrap/Not Worth Repairing,S3S003955,VRDPZ,E2A,**,5.7024E+13,124,124,124,06-10-13 0:01,9/14/2015 0:00,12/15/2016 0:00,38143,0,0,0,36,,32,34,124,,,,40.00R57,BRIDGESTONE,,BRIDGESTONE
SLJ0195A6A,10/27/2012 7:00,1684169,789D,422,3,2,120,118,109,,114,7.5,D,A,881,481,"CORTE PROFUNDO EN EL FLANCO, CABLE EXPUESTO.",10/30/2012 9:42,TS,D,Repair,New,Running,Repair,SLJ0195A6A,XDR,B4,2*,57013700030A00,126,126,126,12/26/2011 0:01,09-03-12 0:00,10/27/2012 7:00,27770.19,0,0,0,109,,114,111.5,126,,0,0,37.00R57,MICHELIN,,MICHELIN
SLJ0205A6A,01-01-15 0:00,2502969,789C,408,5,2,64,74,64,,74,0,D,D,21360,22,Other Reason,1/13/2015 7:59,TS,Other,Scrap/Not Worth Repairing,New,Running,Running,SLJ0205A6A,XDR,B4,2*,5.70137E+13,126,126,126,02-09-12 0:01,02-11-14 0:00,02-03-15 0:00,27770.19,0,0,0,50,,65,57.5,126,,,,37.00R57,MICHELIN,,MICHELIN
SLJ0205A6A,02-03-15 0:00,2607501,789C,408,5,2,64,74,50,,65,11.5,D,C,21555,195,SE LE ENCONTRARON VARIAS SEPARACCIONES,03-11-15 15:50,TS,D,Scrap/Not Worth Repairing,New,Running,Scrap/Not Worth Repairing,SLJ0205A6A,XDR,B4,2*,5.70137E+13,126,126,126,02-09-12 0:01,02-11-14 0:00,02-03-15 0:00,27770.19,0,0,0,50,,65,57.5,126,,,,37.00R57,MICHELIN,,MICHELIN
SLJ0215A6A,8/24/2015 23:00,2841222,789C,403,4,2,126,126,126,,126,0,H,D,19707,0,Other Reason,09-02-15 13:13,TS,Other,Repair,New,New,Running,SLJ0215A6A,XDR,B4,2*,5.70137E+13,126,126,126,12/26/2011 0:01,8/24/2015 23:00,03-05-16 0:00,27770.19,0,0,0,73,,83,78,126,,,,37.00R57,MICHELIN,,MICHELIN
SLJ0215A6A,11-12-15 0:00,2949907,789C,403,4,2,126,126,126,,126,0,D,D,21193,1486,Other Reason,11/18/2015 10:21,TS,Other,Repair,New,Running,Running,SLJ0215A6A,XDR,B4,2*,5.70137E+13,126,126,126,12/26/2011 0:01,8/24/2015 23:00,03-05-16 0:00,27770.19,0,0,0,73,,83,78,126,,,,37.00R57,MICHELIN,,MICHELIN
SLJ0215A6A,11/21/2015 0:00,PERIOD END,789C,403,4,2,126,126,100,,98,27,D,D,21356,163,Other Reason,11/23/2015 5:37,TS,Other,Repair,New,Running,Running,SLJ0215A6A,XDR,B4,2*,5.70137E+13,126,126,126,12/26/2011 0:01,8/24/2015 23:00,03-05-16 0:00,27770.19,0,0,0,73,,83,78,126,,,,37.00R57,MICHELIN,,MICHELIN
SLJ0215A6A,11/28/2015 0:00,PERIOD END,789C,403,4,2,100,98,100,,98,0,D,D,21477,121,Other Reason,12-03-15 12:08,TS,Other,Repair,New,Running,Running,SLJ0215A6A,XDR,B4,2*,5.70137E+13,126,126,126,12/26/2011 0:01,8/24/2015 23:00,03-05-16 0:00,27770.19,0,0,0,73,,83,78,126,,,,37.00R57,MICHELIN,,MICHELIN
SLJ0215A6A,12/19/2015 0:00,PERIOD END,789C,403,4,2,100,98,92,,97,4.5,D,D,21870,393,Other Reason,12/23/2015 12:38,TS,Other,Repair,New,Running,Running,SLJ0215A6A,XDR,B4,2*,5.70137E+13,126,126,126,12/26/2011 0:01,8/24/2015 23:00,03-05-16 0:00,27770.19,0,0,0,73,,83,78,126,,,,37.00R57,MICHELIN,,MICHELIN
SLJ0215A6A,01-06-16 0:00,PERIOD END,789C,403,4,2,92,97,88,,93,4,D,D,22195,325,Other Reason,01-09-16 8:48,TS,Other,Repair,New,Running,Running,SLJ0215A6A,XDR,B4,2*,5.70137E+13,126,126,126,12/26/2011 0:01,8/24/2015 23:00,03-05-16 0:00,27770.19,0,0,0,73,,83,78,126,,,,37.00R57,MICHELIN,,MICHELIN
SLJ0215A6A,02-09-16 0:00,PERIOD END,789C,403,4,2,88,93,79,,87,7.5,D,D,22828,633,Other Reason,2/24/2016 12:20,TS,Other,Repair,New,Running,Running,SLJ0215A6A,XDR,B4,2*,5.70137E+13,126,126,126,12/26/2011 0:01,8/24/2015 23:00,03-05-16 0:00,27770.19,0,0,0,73,,83,78,126,,,,37.00R57,MICHELIN,,MICHELIN
SLJ0215A6A,2/21/2016 0:00,PERIOD END,789C,403,4,2,79,87,75,,86,2.5,D,D,23028,200,Other Reason,2/24/2016 13:00,TS,Other,Repair,New,Running,Running,SLJ0215A6A,XDR,B4,2*,5.70137E+13,126,126,126,12/26/2011 0:01,8/24/2015 23:00,03-05-16 0:00,27770.19,0,0,0,73,,83,78,126,,,,37.00R57,MICHELIN,,MICHELIN
SLJ0215A6A,03-05-16 0:00,3082415,789C,403,4,2,75,86,73,,83,2.5,D,A,23262,234,Other Reason,03-09-16 12:37,TS,P,Repair,New,Running,Repair,SLJ0215A6A,XDR,B4,2*,5.70137E+13,126,126,126,12/26/2011 0:01,8/24/2015 23:00,03-05-16 0:00,27770.19,0,0,0,73,,83,78,126,,,,37.00R57,MICHELIN,,MICHELIN
SLL0087F9Y,11/26/2016 20:00,6220046,789D,422,2,1,123,123,123,,123,0,H,D,26282,0,Other Reason,12-02-16 5:21,TS,Other,Running,New,New,Running,SLL0087F9Y,XDR2,E4R   B,**,5.7014E+13,123,123,123,01-01-16 0:01,11/26/2016 20:00,02-05-17 0:00,26717,0,0,0,109,,106,107.5,123,422,2,1,40.00R57,MICHELIN,27571,MICHELIN
SLL0087F9Y,12/15/2016 0:00,6265139,789D,422,2,1,123,123,123,,123,0,D,D,26607,325,Other Reason,12/21/2016 8:06,TS,Other,Running,New,Running,Running,SLL0087F9Y,XDR2,E4R   B,**,5.7014E+13,123,123,123,01-01-16 0:01,11/26/2016 20:00,02-05-17 0:00,26717,0,0,0,109,,106,107.5,123,422,2,1,40.00R57,MICHELIN,27571,MICHELIN
SLL0087F9Y,12/26/2016 0:00,PERIOD END,789D,422,2,1,123,123,114,,113,9.5,D,D,26799,192,Other Reason,12/26/2016 5:16,TS,Other,Running,New,Running,Running,SLL0087F9Y,XDR2,E4R   B,**,5.7014E+13,123,123,123,01-01-16 0:01,11/26/2016 20:00,02-05-17 0:00,26717,0,0,0,109,,106,107.5,123,422,2,1,40.00R57,MICHELIN,27571,MICHELIN
SLL0087F9Y,02-05-17 0:00,PERIOD END,789D,422,2,1,114,113,109,,106,6,D,D,27571,772,Other Reason,02-09-17 7:48,TS,Other,Running,New,Running,Running,SLL0087F9Y,XDR2,E4R   B,**,5.7014E+13,123,123,123,01-01-16 0:01,11/26/2016 20:00,02-05-17 0:00,26717,0,0,0,109,,106,107.5,123,422,2,1,40.00R57,MICHELIN,27571,MICHELIN
SLN0442F2A,2/27/2009 7:00,270209-1,789C,403,1,1,126,126,126,,126,0,D,E,0,0,CAMBIO POR ACTUALIZACION,4/30/2009 4:05,TS,W,Scrap/Not Worth Repairing,Original Equipment,Running,Spare,SLN0442F2A,XDR,B4,2*,5.70137E+13,126,126,126,01-01-09 0:01,01-01-09 0:00,10-10-16 0:00,23201,0,333,0,80,,87,83.5,126,,,,37.00R57,MICHELIN,,MICHELIN
SLN0442F2A,2/28/2009 9:00,280209-03,789C,403,1,1,126,126,126,,126,0,D,E,0,0,CAMBIO POR ACTUALIZACION,4/30/2009 4:05,TS,W,Scrap/Not Worth Repairing,Original Equipment,Running,Spare,SLN0442F2A,XDR,B4,2*,5.70137E+13,126,126,126,01-01-09 0:01,01-01-09 0:00,10-10-16 0:00,23201,0,333,0,80,,87,83.5,126,,,,37.00R57,MICHELIN,,MICHELIN
SLR0583A5B,6/16/2015 8:00,2740616,789D,434,2,1,123,123,123,,123,0,H,D,12956,0,Other Reason,6/16/2015 9:39,TS,Other,Scrap/Not Worth Repairing,New,New,Running,SLR0583A5B,XDR2,E4R   B,**,5.7014E+13,123,123,123,03-12-15 0:01,6/16/2015 0:00,10/21/2016 7:00,60614,0,0,0,24,,30,27,123,,,,40.00R57,MICHELIN,,MICHELIN
SLR0583A5B,6/26/2015 0:00,PERIOD END,789D,434,2,1,123,123,116,,116,7,D,D,13135,179,Other Reason,6/30/2015 11:28,TS,Other,Scrap/Not Worth Repairing,New,Running,Running,SLR0583A5B,XDR2,E4R   B,**,5.7014E+13,123,123,123,03-12-15 0:01,6/16/2015 0:00,10/21/2016 7:00,60614,0,0,0,24,,30,27,123,,,,40.00R57,MICHELIN,,MICHELIN
SLR0583A5B,07-07-15 0:00,PERIOD END,789D,434,2,1,116,116,112,,114,3,D,D,13368,233,Other Reason,07-08-15 12:54,TS,Other,Scrap/Not Worth Repairing,New,Running,Running,SLR0583A5B,XDR2,E4R   B,**,5.7014E+13,123,123,123,03-12-15 0:01,6/16/2015 0:00,10/21/2016 7:00,60614,0,0,0,24,,30,27,123,,,,40.00R57,MICHELIN,,MICHELIN
SLR0583A5B,7/20/2015 0:00,PERIOD END,789D,434,2,1,112,114,110,,114,1,D,D,13593,225,Other Reason,7/21/2015 15:54,TS,Other,Scrap/Not Worth Repairing,New,Running,Running,SLR0583A5B,XDR2,E4R   B,**,5.7014E+13,123,123,123,03-12-15 0:01,6/16/2015 0:00,10/21/2016 7:00,60614,0,0,0,24,,30,27,123,,,,40.00R57,MICHELIN,,MICHELIN
SLR0583A5B,09-10-15 0:00,PERIOD END,789D,434,2,1,110,114,110,,107,3.5,D,D,13827,234,Other Reason,09-10-15 9:01,TS,Other,Scrap/Not Worth Repairing,New,Running,Running,SLR0583A5B,XDR2,E4R   B,**,5.7014E+13,123,123,123,03-12-15 0:01,6/16/2015 0:00,10/21/2016 7:00,60614,0,0,0,24,,30,27,123,,,,40.00R57,MICHELIN,,MICHELIN
SLR0583A5B,09-11-15 0:00,28600719,789D,434,2,1,110,107,110,,107,0,D,D,13828,1,Other Reason,9/16/2015 7:20,TS,Other,Scrap/Not Worth Repairing,New,Running,Running,SLR0583A5B,XDR2,E4R   B,**,5.7014E+13,123,123,123,03-12-15 0:01,6/16/2015 0:00,10/21/2016 7:00,60614,0,0,0,24,,30,27,123,,,,40.00R57,MICHELIN,,MICHELIN
SLR0583A5B,9/15/2015 0:00,PERIOD END,789D,434,2,1,110,107,100,,107,5,D,D,13828,0,Other Reason,9/16/2015 13:15,TS,Other,Scrap/Not Worth Repairing,New,Running,Running,SLR0583A5B,XDR2,E4R   B,**,5.7014E+13,123,123,123,03-12-15 0:01,6/16/2015 0:00,10/21/2016 7:00,60614,0,0,0,24,,30,27,123,,,,40.00R57,MICHELIN,,MICHELIN
SLR0583A5B,10-02-15 0:00,PERIOD END,789D,434,2,1,100,107,100,,104,1.5,D,D,14143,315,Other Reason,10-07-15 15:13,TS,Other,Scrap/Not Worth Repairing,New,Running,Running,SLR0583A5B,XDR2,E4R   B,**,5.7014E+13,123,123,123,03-12-15 0:01,6/16/2015 0:00,10/21/2016 7:00,60614,0,0,0,24,,30,27,123,,,,40.00R57,MICHELIN,,MICHELIN
SLR0583A5B,12/21/2015 0:00,2987435,789D,434,2,1,100,104,95,,101,4,D,E,15332,1189,Other Reason,12/23/2015 7:44,TS,W,Scrap/Not Worth Repairing,New,Running,Spare,SLR0583A5B,XDR2,E4R   B,**,5.7014E+13,123,123,123,03-12-15 0:01,6/16/2015 0:00,10/21/2016 7:00,60614,0,0,0,24,,30,27,123,,,,40.00R57,MICHELIN,,MICHELIN
TLH0260M8A,11-08-12 9:00,1695827,789C,408,3,2,45,62,40,,57,5,D,C,10634,244,CORTE PROFUNDO EN EL FLANCO CON DANO EN LA CARCASA,3/18/2013 14:46,TS,P,Scrap/Not Worth Repairing,New,Running,Scrap/Not Worth Repairing,TLH0260M8A,XDR,B4,2*,5.70137E+13,126,126,126,01-09-10 0:01,9/15/2011 0:00,11-08-12 9:00,21333.36,0,0,0,40,,57,48.5,126,,0,0,37.00R57,MICHELIN,,MICHELIN
TLJ0182E0Y,8/26/2014 10:00,2379599,789C,403,6,2,79,82,72,,78,5.5,D,C,14838,403,CEPARACION INTERNA EN EL FLANCO ,9/25/2014 14:49,TS,P,Scrap/Not Worth Repairing,New,Running,Scrap/Not Worth Repairing,TLJ0182E0Y,XDR2,B4  E4R TL,**,5.70137E+13,130,130,130,6/15/2012 0:01,6/23/2012 0:00,8/26/2014 10:00,29743.79,0,0,0,72,,78,75,130,,0,0,37.00R57,MICHELIN,,MICHELIN
TLJ0204E8Y,8/26/2014 10:00,2379599,789C,403,5,2,86,84,73,,76,10.5,D,C,14838,403,CEPARACION INTERNA EN EL FLANCO,9/25/2014 14:49,TS,P,Scrap/Not Worth Repairing,New,Running,Scrap/Not Worth Repairing,TLJ0204E8Y,XDR2,B4  E4R TL,**,57013700020A00,130,130,130,02-09-12 0:01,08-12-12 0:00,8/26/2014 10:00,29743.79,0,0,0,73,,76,74.5,130,,0,0,37.00R57,MICHELIN,,MICHELIN
TLJ0248E4Y,7/23/2014 7:00,2330074,789C,403,4,2,65,69,20,,23,45.5,D,C,14406,211,DESGASTE TOTAL DE LA BANDA DE RODADURA,7/28/2014 13:40,TS,A,Scrap/Not Worth Repairing,New,Running,Scrap/Not Worth Repairing,TLJ0248E4Y,XDR2,B4  E4R TL,**,57013700020A00,130,130,130,03-06-12 0:01,08-12-12 0:00,7/23/2014 7:00,29743.79,0,0,0,20,,23,21.5,130,,0,0,37.00R57,MICHELIN,,MICHELIN
TLN0633F2A,8/21/2012 9:00,1619352,789C,408,4,2,64,84,32,,40,38,D,C,9965,1124,CORTE PROFUNDO Y DANO EN EL BUTILO,3/18/2013 14:51,TS,P,Scrap/Not Worth Repairing,New,Running,Scrap/Not Worth Repairing,TLN0633F2A,XDR,B4,2*,5.70137E+13,126,126,126,2/26/2009 0:01,9/15/2011 0:00,8/21/2012 9:00,23201,0,0,0,32,,40,36,126,,0,0,37.00R57,MICHELIN,,MICHELIN
TLP0749S4A,01-01-14 7:00,2125081,789D,434,5,2,78,92,68,,87,7.5,D,C,3605,845,ESTALLIDO  POR CEPARACION DE CALOR,01-03-14 8:35,TS,Y,Scrap/Not Worth Repairing,New,Running,Scrap/Not Worth Repairing,TLP0749S4A,XDR2,B4,**,5.7014E+13,120,120,120,1/18/2013 0:01,5/23/2013 0:00,01-01-14 7:00,36403,0,0,0,68,,87,77.5,120,,0,0,40.00R57,MICHELIN,,MICHELIN
TLP0809S4A,5/21/2016 8:00,3271320,789D,434,4,2,105,106,105,,106,0,E,D,17834,0,Other Reason,5/25/2016 9:51,TS,Other,Scrap/Not Worth Repairing,New,Spare,Running,TLP0809S4A,XDR2,B4,**,5.7014E+13,120,120,120,03-07-13 0:01,08-06-15 0:00,09-09-16 0:00,32578,0,19965.75,0,84,,73,78.5,120,,,,40.00R57,MICHELIN,,MICHELIN
TLP0809S4A,6/25/2016 0:00,3288131,789D,434,4,2,105,106,105,,106,0,D,D,18381,547,Other Reason,6/29/2016 11:12,TS,Other,Scrap/Not Worth Repairing,New,Running,Running,TLP0809S4A,XDR2,B4,**,5.7014E+13,120,120,120,03-07-13 0:01,08-06-15 0:00,09-09-16 0:00,32578,0,19965.75,0,84,,73,78.5,120,,,,40.00R57,MICHELIN,,MICHELIN
TLP0809S4A,09-09-16 0:00,6014275,789D,434,4,2,105,106,84,,73,27,D,C,19667,1286,REPARACION FALLIDA,9/14/2016 9:14,TS,U,Scrap/Not Worth Repairing,New,Running,Scrap/Not Worth Repairing,TLP0809S4A,XDR2,B4,**,5.7014E+13,120,120,120,03-07-13 0:01,08-06-15 0:00,09-09-16 0:00,32578,0,19965.75,0,84,,73,78.5,120,,,,40.00R57,MICHELIN,,MICHELIN
TLP2134S9A,3/18/2015 0:00,PERIOD END,789D,422,4,2,102,107,86,,91,16,D,D,15890,1459,Other Reason,3/20/2015 14:01,TS,Other,Scrap/Not Worth Repairing,New,Running,Running,TLP2134S9A,XDR2,B4,**,5.7014E+13,120,120,120,1/18/2013 0:01,11-01-14 22:00,5/21/2016 0:00,36403,0,0,0,11,,28,19.5,120,,,,40.00R57,MICHELIN,,MICHELIN
TLP2134S9A,6/26/2015 0:00,2761525,789D,422,4,2,86,91,86,,91,0,D,D,17718,1828,Other Reason,07-01-15 5:59,TS,Other,Scrap/Not Worth Repairing,New,Running,Running,TLP2134S9A,XDR2,B4,**,5.7014E+13,120,120,120,1/18/2013 0:01,11-01-14 22:00,5/21/2016 0:00,36403,0,0,0,11,,28,19.5,120,,,,40.00R57,MICHELIN,,MICHELIN
TLP2134S9A,6/27/2015 0:00,PERIOD END,789D,422,4,2,86,91,64,,74,19.5,D,D,17718,0,Other Reason,07-01-15 6:11,TS,Other,Scrap/Not Worth Repairing,New,Running,Running,TLP2134S9A,XDR2,B4,**,5.7014E+13,120,120,120,1/18/2013 0:01,11-01-14 22:00,5/21/2016 0:00,36403,0,0,0,11,,28,19.5,120,,,,40.00R57,MICHELIN,,MICHELIN
TLP2134S9A,07-07-15 0:00,PERIOD END,789D,422,4,2,64,74,59,,72,3.5,D,D,17900,182,Other Reason,07-07-15 8:26,TS,Other,Scrap/Not Worth Repairing,New,Running,Running,TLP2134S9A,XDR2,B4,**,5.7014E+13,120,120,120,1/18/2013 0:01,11-01-14 22:00,5/21/2016 0:00,36403,0,0,0,11,,28,19.5,120,,,,40.00R57,MICHELIN,,MICHELIN
TLP2134S9A,09-07-15 0:00,PERIOD END,789D,422,4,2,59,72,48,,64,9.5,D,D,18662,762,Other Reason,09-09-15 7:48,TS,Other,Scrap/Not Worth Repairing,New,Running,Running,TLP2134S9A,XDR2,B4,**,5.7014E+13,120,120,120,1/18/2013 0:01,11-01-14 22:00,5/21/2016 0:00,36403,0,0,0,11,,28,19.5,120,,,,40.00R57,MICHELIN,,MICHELIN
TLP2134S9A,10-10-15 0:00,PERIOD END,789D,422,4,2,48,64,40,,63,4.5,D,D,19450,788,Other Reason,10/23/2015 8:47,TS,Other,Scrap/Not Worth Repairing,New,Running,Running,TLP2134S9A,XDR2,B4,**,5.7014E+13,120,120,120,1/18/2013 0:01,11-01-14 22:00,5/21/2016 0:00,36403,0,0,0,11,,28,19.5,120,,,,40.00R57,MICHELIN,,MICHELIN
TLP2134S9A,12-03-15 0:00,2947544,789D,422,4,2,40,63,40,,63,0,D,E,19451,1,Other Reason,12-03-15 10:15,TS,W,Scrap/Not Worth Repairing,New,Running,Spare,TLP2134S9A,XDR2,B4,**,5.7014E+13,120,120,120,1/18/2013 0:01,11-01-14 22:00,5/21/2016 0:00,36403,0,0,0,11,,28,19.5,120,,,,40.00R57,MICHELIN,,MICHELIN
TLP2216S7A,6/24/2014 7:00,2310363,789D,434,3,2,33,52,20,,18,23.5,D,C,6743,710,DESGASTE DE LA BANDA DE RODADURA,7/17/2014 16:57,TS,A,Scrap/Not Worth Repairing,New,Running,Scrap/Not Worth Repairing,TLP2216S7A,XDR2,B4,**,5.7014E+13,120,120,120,1/28/2013 0:01,5/23/2013 0:00,6/24/2014 7:00,36403,0,0,0,20,,18,19,120,,0,0,40.00R57,MICHELIN,,MICHELIN
TLP2237S6A,3/18/2015 0:00,PERIOD END,789D,422,2,1,119,114,107,,106,10,D,D,15890,1459,Other Reason,3/20/2015 14:01,TS,Other,Scrap/Not Worth Repairing,New,Running,Running,TLP2237S6A,XDR2,B4,**,5.7014E+13,120,120,120,1/28/2013 0:01,12-07-14 15:40,12/30/2015 0:00,36403,0,0,0,52,,67,59.5,120,,,,40.00R57,MICHELIN,,MICHELIN
TLP2237S6A,6/26/2015 0:00,2761525,789D,422,2,1,107,106,95,,91,13.5,D,E,17718,1828,Other Reason,07-01-15 5:59,TS,W,Scrap/Not Worth Repairing,New,Running,Spare,TLP2237S6A,XDR2,B4,**,5.7014E+13,120,120,120,1/28/2013 0:01,12-07-14 15:40,12/30/2015 0:00,36403,0,0,0,52,,67,59.5,120,,,,40.00R57,MICHELIN,,MICHELIN
TLR0113A5B,4/25/2016 8:00,3096252,789D,422,1,1,123,123,123,,123,0,H,D,22339,0,Other Reason,4/27/2016 8:53,TS,Other,Repair,New,New,Running,TLR0113A5B,XDR2,E4R   B,**,5.7014E+13,123,123,123,03-12-15 0:01,4/25/2016 0:00,12/31/2016 0:00,60614,0,0,0,67,,74,70.5,123,,,,40.00R57,MICHELIN,,MICHELIN
TLR0113A5B,5/26/2016 0:00,PERIOD END,789D,422,1,1,123,123,112,,112,11,D,D,22858,519,Other Reason,5/28/2016 13:49,TS,Other,Repair,New,Running,Running,TLR0113A5B,XDR2,E4R   B,**,5.7014E+13,123,123,123,03-12-15 0:01,4/25/2016 0:00,12/31/2016 0:00,60614,0,0,0,67,,74,70.5,123,,,,40.00R57,MICHELIN,,MICHELIN
TLR0113A5B,6/18/2016 0:00,3316781,789D,422,1,1,112,112,112,,112,0,D,D,23333,475,Other Reason,6/25/2016 9:45,TS,Other,Repair,New,Running,Running,TLR0113A5B,XDR2,E4R   B,**,5.7014E+13,123,123,123,03-12-15 0:01,4/25/2016 0:00,12/31/2016 0:00,60614,0,0,0,67,,74,70.5,123,,,,40.00R57,MICHELIN,,MICHELIN
TLR0113A5B,7/19/2016 0:00,3365651,789D,422,1,1,112,112,112,,112,0,D,D,23886,553,Other Reason,7/27/2016 14:40,TS,Other,Repair,New,Running,Running,TLR0113A5B,XDR2,E4R   B,**,5.7014E+13,123,123,123,03-12-15 0:01,4/25/2016 0:00,12/31/2016 0:00,60614,0,0,0,67,,74,70.5,123,,,,40.00R57,MICHELIN,,MICHELIN
TLR0113A5B,8/31/2016 0:00,3402600,789D,422,1,1,112,112,98,,102,12,D,E,24714,828,Other Reason,9/14/2016 7:49,TS,W,Repair,New,Running,Spare,TLR0113A5B,XDR2,E4R   B,**,5.7014E+13,123,123,123,03-12-15 0:01,4/25/2016 0:00,12/31/2016 0:00,60614,0,0,0,67,,74,70.5,123,,,,40.00R57,MICHELIN,,MICHELIN
TLR0126A2B,5/21/2016 8:00,3271320,789D,434,3,2,101,104,101,,104,0,E,D,17834,0,Other Reason,10/18/2016 13:17,TS,Other,Scrap/Not Worth Repairing,New,Spare,Running,TLR0126A2B,XDR2,B4,**,5.7014E+13,120,120,120,4/23/2015 0:01,1/22/2016 0:00,01-01-17 0:00,27113,0,0,0,21,,29,25,120,,,,40.00R57,,,MICHELIN
TLR0126A2B,6/25/2016 0:00,3288131,789D,434,3,2,101,104,101,,104,0,D,D,18381,547,Other Reason,6/29/2016 11:12,TS,Other,Scrap/Not Worth Repairing,New,Running,Running,TLR0126A2B,XDR2,B4,**,5.7014E+13,120,120,120,4/23/2015 0:01,1/22/2016 0:00,01-01-17 0:00,27113,0,0,0,21,,29,25,120,,,,40.00R57,,,MICHELIN
TLR0126A2B,09-09-16 0:00,6014275,789D,434,3,2,101,104,101,,104,0,D,D,19667,1286,Other Reason,9/14/2016 9:14,TS,Other,Scrap/Not Worth Repairing,New,Running,Running,TLR0126A2B,XDR2,B4,**,5.7014E+13,120,120,120,4/23/2015 0:01,1/22/2016 0:00,01-01-17 0:00,27113,0,0,0,21,,29,25,120,,,,40.00R57,,,MICHELIN
TLR0126A2B,9/21/2016 0:00,6033990,789D,434,3,2,101,104,101,,104,0,D,D,19871,204,Other Reason,9/23/2016 5:58,TS,Other,Scrap/Not Worth Repairing,New,Running,Running,TLR0126A2B,XDR2,B4,**,5.7014E+13,120,120,120,4/23/2015 0:01,1/22/2016 0:00,01-01-17 0:00,27113,0,0,0,21,,29,25,120,,,,40.00R57,,,MICHELIN
TLR0126A2B,11-04-16 0:00,6184533,789D,434,3,2,101,104,101,,104,0,D,D,20582,711,Other Reason,11-05-16 7:01,TS,Other,Scrap/Not Worth Repairing,New,Running,Running,TLR0126A2B,XDR2,B4,**,5.7014E+13,120,120,120,4/23/2015 0:01,1/22/2016 0:00,01-01-17 0:00,27113,0,0,0,21,,29,25,120,,,,40.00R57,,,MICHELIN
TLR0126A2B,01-01-17 0:00,6302821,789D,434,3,2,101,104,21,,29,77.5,D,C,21566,984,DESCARTADA POR DEGASTE,01-02-17 6:01,TS,R,Scrap/Not Worth Repairing,New,Running,Scrap/Not Worth Repairing,TLR0126A2B,XDR2,B4,**,5.7014E+13,120,120,120,4/23/2015 0:01,1/22/2016 0:00,01-01-17 0:00,27113,0,0,0,21,,29,25,120,,,,40.00R57,,,MICHELIN
UVC1013U2A,01-01-15 4:00,2502969,789C,408,3,2,102,99,102,,99,0,E,D,21360,0,Other Reason,1/13/2015 7:59,TS,Other,Scrap/Not Worth Repairing,New,Spare,Running,UVC1013U2A,XDR,B4,2*,5.70137E+13,126,126,126,02-09-12 0:01,5/26/2014 0:00,8/20/2015 0:00,27770.19,0,0,0,102,,99,100.5,126,,,,37.00R57,MICHELIN,,MICHELIN
UVC1013U2A,02-03-15 0:00,2607501,789C,408,3,2,102,99,102,,99,0,D,D,21555,195,Other Reason,03-11-15 15:50,TS,Other,Scrap/Not Worth Repairing,New,Running,Running,UVC1013U2A,XDR,B4,2*,5.70137E+13,126,126,126,02-09-12 0:01,5/26/2014 0:00,8/20/2015 0:00,27770.19,0,0,0,102,,99,100.5,126,,,,37.00R57,MICHELIN,,MICHELIN
UVC1013U2A,06-02-15 0:00,2727909,789C,408,3,2,102,99,102,,99,0,D,D,23605,2050,Other Reason,06-03-15 5:08,TS,Other,Scrap/Not Worth Repairing,New,Running,Running,UVC1013U2A,XDR,B4,2*,5.70137E+13,126,126,126,02-09-12 0:01,5/26/2014 0:00,8/20/2015 0:00,27770.19,0,0,0,102,,99,100.5,126,,,,37.00R57,MICHELIN,,MICHELIN
UVC1013U2A,7/15/2015 0:00,2779798,789C,408,3,2,102,99,102,,99,0,D,D,24316,711,Other Reason,7/15/2015 5:24,TS,Other,Scrap/Not Worth Repairing,New,Running,Running,UVC1013U2A,XDR,B4,2*,5.70137E+13,126,126,126,02-09-12 0:01,5/26/2014 0:00,8/20/2015 0:00,27770.19,0,0,0,102,,99,100.5,126,,,,37.00R57,MICHELIN,,MICHELIN
UVC1013U2A,7/30/2015 0:00,2802838,789C,408,3,2,102,99,102,,99,0,D,D,24379,63,Other Reason,7/31/2015 7:10,TS,Other,Scrap/Not Worth Repairing,New,Running,Running,UVC1013U2A,XDR,B4,2*,5.70137E+13,126,126,126,02-09-12 0:01,5/26/2014 0:00,8/20/2015 0:00,27770.19,0,0,0,102,,99,100.5,126,,,,37.00R57,MICHELIN,,MICHELIN
UVC1013U2A,8/20/2015 0:00,2831610,789C,408,3,2,102,99,102,,99,0,D,C,24450,71,ESTALLIDO POR EL FLANCO,8/21/2015 7:59,TS,P,Scrap/Not Worth Repairing,New,Running,Scrap/Not Worth Repairing,UVC1013U2A,XDR,B4,2*,5.70137E+13,126,126,126,02-09-12 0:01,5/26/2014 0:00,8/20/2015 0:00,27770.19,0,0,0,102,,99,100.5,126,,,,37.00R57,MICHELIN,,MICHELIN
VVZ0071G9A,8/31/2014 7:00,2384233,789D,434,3,2,25,30,15,,10,15,D,C,7786,252,DESGASTE TOTAL DE LA BANDA DE RODADURA,10/16/2014 14:03,TS,A,Scrap/Not Worth Repairing,New,Running,Scrap/Not Worth Repairing,VVZ0071G9A,XDR,B,**,57014000020A00,120,120,120,8/30/2012 0:01,11/20/2012 0:00,8/31/2014 7:00,33606,0,0,0,15,,10,12.5,120,,0,0,40.00R57,MICHELIN,,MICHELIN
XV3MRA296,10/22/2011 14:00,10222011,789C,403,6,2,26,41,18,,27,11,D,C,5430,107,DESGASTE TOTAL DE LA BANDA DE RODADURA,3/18/2013 15:04,TS,A,Scrap/Not Worth Repairing,New,Running,Scrap/Not Worth Repairing,XV3MRA296,Y523,HRH,68,57144000020A00,120,120,120,3/25/2009 0:01,11/27/2009 0:00,10/22/2011 14:00,36232.9,0,0,0,18,,27,22.5,120,,0,0,40.00X57,BRIDGESTONE,,YOKOHAMA
XVC1070U5A,8/20/2015 4:00,2831610,789C,408,3,2,82,80,82,,80,0,E,D,24450,0,Other Reason,8/21/2015 7:59,TS,Other,Scrap/Not Worth Repairing,New,Spare,Running,XVC1070U5A,XDR,B4,2*,5.70137E+13,126,126,126,8/25/2011 0:01,6/30/2014 0:00,4/14/2016 0:00,26256,0,0,0,50,,48,49,126,,,,37.00R57,MICHELIN,,MICHELIN
XVC1070U5A,11-04-15 0:00,2950334,789C,408,3,2,82,80,82,,80,0,D,D,26178,1531,Other Reason,12-03-15 4:15,TS,Other,Scrap/Not Worth Repairing,New,Running,Running,XVC1070U5A,XDR,B4,2*,5.70137E+13,126,126,126,8/25/2011 0:01,6/30/2014 0:00,4/14/2016 0:00,26256,0,0,0,50,,48,49,126,,,,37.00R57,MICHELIN,,MICHELIN
XVC1070U5A,1/30/2016 0:00,3047316,789C,408,3,2,82,80,82,,80,0,D,D,27552,1374,Other Reason,03-09-16 11:59,TS,Other,Scrap/Not Worth Repairing,New,Running,Running,XVC1070U5A,XDR,B4,2*,5.70137E+13,126,126,126,8/25/2011 0:01,6/30/2014 0:00,4/14/2016 0:00,26256,0,0,0,50,,48,49,126,,,,37.00R57,MICHELIN,,MICHELIN
XVC1070U5A,2/22/2016 0:00,3031399,789C,408,3,2,82,80,82,,80,0,D,D,27862,310,Other Reason,03-09-16 12:05,TS,Other,Scrap/Not Worth Repairing,New,Running,Running,XVC1070U5A,XDR,B4,2*,5.70137E+13,126,126,126,8/25/2011 0:01,6/30/2014 0:00,4/14/2016 0:00,26256,0,0,0,50,,48,49,126,,,,37.00R57,MICHELIN,,MICHELIN
XVC1070U5A,4/14/2016 0:00,2937341,789C,408,3,2,82,80,50,,48,32,D,C,28702,840,LA HOJA DE CAMBIO NO SE LLENO ESTA INFORMACION ES PARA RESOLBER UNA SITUACION,06-08-16 12:28,TS,P,Scrap/Not Worth Repairing,New,Running,Scrap/Not Worth Repairing,XVC1070U5A,XDR,B4,2*,5.70137E+13,126,126,126,8/25/2011 0:01,6/30/2014 0:00,4/14/2016 0:00,26256,0,0,0,50,,48,49,126,,,,37.00R57,MICHELIN,,MICHELIN
XVC1118U7A,11-12-15 12:00,2949907,789C,403,1,1,126,126,126,,126,0,H,D,21193,0,Other Reason,11/18/2015 10:21,TS,Other,Scrap/Not Worth Repairing,New,New,Running,XVC1118U7A,XDR,B4,2*,5.70137E+13,126,126,126,8/25/2011 0:01,11-12-15 0:00,3/28/2016 0:00,26256,0,0,0,74,,89,81.5,126,,,,37.00R57,MICHELIN,,MICHELIN
XVC1118U7A,11/21/2015 0:00,PERIOD END,789C,403,1,1,126,126,112,,115,12.5,D,D,21356,163,Other Reason,11/23/2015 5:37,TS,Other,Scrap/Not Worth Repairing,New,Running,Running,XVC1118U7A,XDR,B4,2*,5.70137E+13,126,126,126,8/25/2011 0:01,11-12-15 0:00,3/28/2016 0:00,26256,0,0,0,74,,89,81.5,126,,,,37.00R57,MICHELIN,,MICHELIN
XVC1118U7A,11/28/2015 0:00,PERIOD END,789C,403,1,1,112,115,111,,115,0.5,D,D,21477,121,Other Reason,12-03-15 12:08,TS,Other,Scrap/Not Worth Repairing,New,Running,Running,XVC1118U7A,XDR,B4,2*,5.70137E+13,126,126,126,8/25/2011 0:01,11-12-15 0:00,3/28/2016 0:00,26256,0,0,0,74,,89,81.5,126,,,,37.00R57,MICHELIN,,MICHELIN
XVC1118U7A,12/19/2015 0:00,PERIOD END,789C,403,1,1,111,115,101,,109,8,D,D,21870,393,Other Reason,12/23/2015 12:38,TS,Other,Scrap/Not Worth Repairing,New,Running,Running,XVC1118U7A,XDR,B4,2*,5.70137E+13,126,126,126,8/25/2011 0:01,11-12-15 0:00,3/28/2016 0:00,26256,0,0,0,74,,89,81.5,126,,,,37.00R57,MICHELIN,,MICHELIN
XVC1118U7A,01-06-16 0:00,PERIOD END,789C,403,1,1,101,109,96,,106,4,D,D,22195,325,Other Reason,01-09-16 8:48,TS,Other,Scrap/Not Worth Repairing,New,Running,Running,XVC1118U7A,XDR,B4,2*,5.70137E+13,126,126,126,8/25/2011 0:01,11-12-15 0:00,3/28/2016 0:00,26256,0,0,0,74,,89,81.5,126,,,,37.00R57,MICHELIN,,MICHELIN
XVC1118U7A,02-09-16 0:00,PERIOD END,789C,403,1,1,96,106,90,,103,4.5,D,D,22828,633,Other Reason,2/24/2016 12:20,TS,Other,Scrap/Not Worth Repairing,New,Running,Running,XVC1118U7A,XDR,B4,2*,5.70137E+13,126,126,126,8/25/2011 0:01,11-12-15 0:00,3/28/2016 0:00,26256,0,0,0,74,,89,81.5,126,,,,37.00R57,MICHELIN,,MICHELIN
XVC1118U7A,2/21/2016 0:00,PERIOD END,789C,403,1,1,90,103,83,,98,6,D,D,23028,200,Other Reason,2/24/2016 13:00,TS,Other,Scrap/Not Worth Repairing,New,Running,Running,XVC1118U7A,XDR,B4,2*,5.70137E+13,126,126,126,8/25/2011 0:01,11-12-15 0:00,3/28/2016 0:00,26256,0,0,0,74,,89,81.5,126,,,,37.00R57,MICHELIN,,MICHELIN
XVC1118U7A,03-05-16 0:00,3082415,789C,403,1,1,83,98,83,,98,0,D,D,23262,234,Other Reason,03-09-16 12:37,TS,Other,Scrap/Not Worth Repairing,New,Running,Running,XVC1118U7A,XDR,B4,2*,5.70137E+13,126,126,126,8/25/2011 0:01,11-12-15 0:00,3/28/2016 0:00,26256,0,0,0,74,,89,81.5,126,,,,37.00R57,MICHELIN,,MICHELIN
XVC1118U7A,03-08-16 0:00,3076103,789C,403,1,1,83,98,80,,97,2,D,E,23307,45,Other Reason,3/22/2016 12:16,TS,W,Scrap/Not Worth Repairing,New,Running,Spare,XVC1118U7A,XDR,B4,2*,5.70137E+13,126,126,126,8/25/2011 0:01,11-12-15 0:00,3/28/2016 0:00,26256,0,0,0,74,,89,81.5,126,,,,37.00R57,MICHELIN,,MICHELIN
XVC1119U6A,8/24/2015 23:00,2841222,789C,403,2,1,126,126,126,,126,0,H,D,19707,0,Other Reason,09-02-15 13:13,TS,Other,Scrap/Not Worth Repairing,New,New,Running,XVC1119U6A,XDR,B4,2*,5.70137E+13,126,126,126,8/25/2011 0:01,8/24/2015 0:00,09-08-16 0:00,26256,0,0,0,0,,0,0,126,,,,37.00R57,MICHELIN,,MICHELIN
XVC1119U6A,11-12-15 0:00,2949907,789C,403,2,1,126,126,100,,104,24,D,E,21193,1486,Other Reason,11/18/2015 10:21,TS,W,Scrap/Not Worth Repairing,New,Running,Spare,XVC1119U6A,XDR,B4,2*,5.70137E+13,126,126,126,8/25/2011 0:01,8/24/2015 0:00,09-08-16 0:00,26256,0,0,0,0,,0,0,126,,,,37.00R57,MICHELIN,,MICHELIN
XVC1140U5A,8/24/2015 23:00,2841222,789C,403,6,2,126,126,126,,126,0,H,D,19707,0,Other Reason,09-02-15 13:13,TS,Other,Scrap/Not Worth Repairing,New,New,Running,XVC1140U5A,XDR,B4,2*,5.70137E+13,126,126,126,8/25/2011 0:01,8/24/2015 23:00,08-02-16 0:00,26256,0,0,0,27,,44,35.5,126,,,,37.00R57,MICHELIN,,MICHELIN
XVC1140U5A,11-12-15 0:00,2949907,789C,403,6,2,126,126,126,,126,0,D,D,21193,1486,Other Reason,11/18/2015 10:21,TS,Other,Scrap/Not Worth Repairing,New,Running,Running,XVC1140U5A,XDR,B4,2*,5.70137E+13,126,126,126,8/25/2011 0:01,8/24/2015 23:00,08-02-16 0:00,26256,0,0,0,27,,44,35.5,126,,,,37.00R57,MICHELIN,,MICHELIN
XVC1140U5A,11/21/2015 0:00,PERIOD END,789C,403,6,2,126,126,99,,96,28.5,D,D,21356,163,Other Reason,11/23/2015 5:37,TS,Other,Scrap/Not Worth Repairing,New,Running,Running,XVC1140U5A,XDR,B4,2*,5.70137E+13,126,126,126,8/25/2011 0:01,8/24/2015 23:00,08-02-16 0:00,26256,0,0,0,27,,44,35.5,126,,,,37.00R57,MICHELIN,,MICHELIN
XVC1140U5A,11/28/2015 0:00,PERIOD END,789C,403,6,2,99,96,94,,96,2.5,D,D,21477,121,Other Reason,12-03-15 12:08,TS,Other,Scrap/Not Worth Repairing,New,Running,Running,XVC1140U5A,XDR,B4,2*,5.70137E+13,126,126,126,8/25/2011 0:01,8/24/2015 23:00,08-02-16 0:00,26256,0,0,0,27,,44,35.5,126,,,,37.00R57,MICHELIN,,MICHELIN
XVC1140U5A,12/19/2015 0:00,PERIOD END,789C,403,6,2,94,96,87,,96,3.5,D,D,21870,393,Other Reason,12/23/2015 12:38,TS,Other,Scrap/Not Worth Repairing,New,Running,Running,XVC1140U5A,XDR,B4,2*,5.70137E+13,126,126,126,8/25/2011 0:01,8/24/2015 23:00,08-02-16 0:00,26256,0,0,0,27,,44,35.5,126,,,,37.00R57,MICHELIN,,MICHELIN
XVC1140U5A,01-06-16 0:00,PERIOD END,789C,403,6,2,87,96,80,,91,6,D,D,22195,325,Other Reason,01-09-16 8:48,TS,Other,Scrap/Not Worth Repairing,New,Running,Running,XVC1140U5A,XDR,B4,2*,5.70137E+13,126,126,126,8/25/2011 0:01,8/24/2015 23:00,08-02-16 0:00,26256,0,0,0,27,,44,35.5,126,,,,37.00R57,MICHELIN,,MICHELIN
XVC1140U5A,02-09-16 0:00,PERIOD END,789C,403,6,2,80,91,76,,87,4,D,D,22828,633,Other Reason,2/24/2016 12:20,TS,Other,Scrap/Not Worth Repairing,New,Running,Running,XVC1140U5A,XDR,B4,2*,5.70137E+13,126,126,126,8/25/2011 0:01,8/24/2015 23:00,08-02-16 0:00,26256,0,0,0,27,,44,35.5,126,,,,37.00R57,MICHELIN,,MICHELIN
XVC1140U5A,2/21/2016 0:00,PERIOD END,789C,403,6,2,76,87,72,,83,4,D,D,23028,200,Other Reason,2/24/2016 13:00,TS,Other,Scrap/Not Worth Repairing,New,Running,Running,XVC1140U5A,XDR,B4,2*,5.70137E+13,126,126,126,8/25/2011 0:01,8/24/2015 23:00,08-02-16 0:00,26256,0,0,0,27,,44,35.5,126,,,,37.00R57,MICHELIN,,MICHELIN
XVC1140U5A,03-05-16 0:00,3082415,789C,403,6,2,72,83,72,,83,0,D,D,23262,234,Other Reason,03-09-16 12:37,TS,Other,Scrap/Not Worth Repairing,New,Running,Running,XVC1140U5A,XDR,B4,2*,5.70137E+13,126,126,126,8/25/2011 0:01,8/24/2015 23:00,08-02-16 0:00,26256,0,0,0,27,,44,35.5,126,,,,37.00R57,MICHELIN,,MICHELIN
XVC1140U5A,03-09-16 0:00,3076103,789C,403,6,2,72,83,72,,83,0,D,D,23307,45,Other Reason,3/22/2016 12:11,TS,Other,Scrap/Not Worth Repairing,New,Running,Running,XVC1140U5A,XDR,B4,2*,5.70137E+13,126,126,126,8/25/2011 0:01,8/24/2015 23:00,08-02-16 0:00,26256,0,0,0,27,,44,35.5,126,,,,37.00R57,MICHELIN,,MICHELIN
XVC1140U5A,05-10-16 0:00,3251351,789C,403,6,2,72,83,72,,83,0,D,D,24459,1152,Other Reason,5/18/2016 8:32,TS,Other,Scrap/Not Worth Repairing,New,Running,Running,XVC1140U5A,XDR,B4,2*,5.70137E+13,126,126,126,8/25/2011 0:01,8/24/2015 23:00,08-02-16 0:00,26256,0,0,0,27,,44,35.5,126,,,,37.00R57,MICHELIN,,MICHELIN
XVC1140U5A,5/28/2016 0:00,PERIOD END,789C,403,6,2,72,83,50,,62,21.5,D,D,24772,313,Other Reason,06-08-16 9:14,TS,Other,Scrap/Not Worth Repairing,New,Running,Running,XVC1140U5A,XDR,B4,2*,5.70137E+13,126,126,126,8/25/2011 0:01,8/24/2015 23:00,08-02-16 0:00,26256,0,0,0,27,,44,35.5,126,,,,37.00R57,MICHELIN,,MICHELIN
XVC1140U5A,06-08-16 0:00,3302309,789C,403,6,2,50,62,50,,62,0,D,D,24973,201,Other Reason,06-11-16 12:58,TS,Other,Scrap/Not Worth Repairing,New,Running,Running,XVC1140U5A,XDR,B4,2*,5.70137E+13,126,126,126,8/25/2011 0:01,8/24/2015 23:00,08-02-16 0:00,26256,0,0,0,27,,44,35.5,126,,,,37.00R57,MICHELIN,,MICHELIN
XVC1140U5A,6/27/2016 0:00,3305680,789C,403,6,2,50,62,50,,62,0,D,D,25281,308,Other Reason,6/29/2016 9:37,TS,Other,Scrap/Not Worth Repairing,New,Running,Running,XVC1140U5A,XDR,B4,2*,5.70137E+13,126,126,126,8/25/2011 0:01,8/24/2015 23:00,08-02-16 0:00,26256,0,0,0,27,,44,35.5,126,,,,37.00R57,MICHELIN,,MICHELIN
XVC1140U5A,07-07-16 0:00,3338819,789C,403,6,2,50,62,50,,62,0,D,D,25476,195,Other Reason,08-03-16 12:04,TS,Other,Scrap/Not Worth Repairing,New,Running,Running,XVC1140U5A,XDR,B4,2*,5.70137E+13,126,126,126,8/25/2011 0:01,8/24/2015 23:00,08-02-16 0:00,26256,0,0,0,27,,44,35.5,126,,,,37.00R57,MICHELIN,,MICHELIN
XVC1140U5A,08-02-16 0:00,3380566,789C,403,6,2,50,62,27,,44,20.5,D,C,25942,466,BUCHE EN EL COSTADO,8/26/2016 6:13,TS,P,Scrap/Not Worth Repairing,New,Running,Scrap/Not Worth Repairing,XVC1140U5A,XDR,B4,2*,5.70137E+13,126,126,126,8/25/2011 0:01,8/24/2015 23:00,08-02-16 0:00,26256,0,0,0,27,,44,35.5,126,,,,37.00R57,MICHELIN,,MICHELIN
XVC1147U8A,01-01-15 4:00,2502969,789C,408,4,2,94,95,94,,95,0,E,D,21360,0,Other Reason,1/13/2015 7:59,TS,Other,Spare,New,Spare,Running,XVC1147U8A,XDR,B4,2*,5.70137E+13,126,126,126,8/25/2011 0:01,5/26/2014 0:00,4/14/2016 0:00,26256,0,0,0,94,,95,94.5,126,,,,37.00R57,MICHELIN,,MICHELIN
XVC1147U8A,02-03-15 0:00,2607501,789C,408,4,2,94,95,94,,95,0,D,D,21555,195,Other Reason,03-11-15 15:50,TS,Other,Spare,New,Running,Running,XVC1147U8A,XDR,B4,2*,5.70137E+13,126,126,126,8/25/2011 0:01,5/26/2014 0:00,4/14/2016 0:00,26256,0,0,0,94,,95,94.5,126,,,,37.00R57,MICHELIN,,MICHELIN
XVC1147U8A,06-02-15 0:00,2727909,789C,408,4,2,94,95,94,,95,0,D,D,23605,2050,Other Reason,06-03-15 5:08,TS,Other,Spare,New,Running,Running,XVC1147U8A,XDR,B4,2*,5.70137E+13,126,126,126,8/25/2011 0:01,5/26/2014 0:00,4/14/2016 0:00,26256,0,0,0,94,,95,94.5,126,,,,37.00R57,MICHELIN,,MICHELIN
XVC1147U8A,7/15/2015 0:00,2779798,789C,408,4,2,94,95,94,,95,0,D,D,24316,711,Other Reason,7/15/2015 5:24,TS,Other,Spare,New,Running,Running,XVC1147U8A,XDR,B4,2*,5.70137E+13,126,126,126,8/25/2011 0:01,5/26/2014 0:00,4/14/2016 0:00,26256,0,0,0,94,,95,94.5,126,,,,37.00R57,MICHELIN,,MICHELIN
XVC1147U8A,7/30/2015 0:00,2802838,789C,408,4,2,94,95,94,,95,0,D,D,24379,63,Other Reason,7/31/2015 7:10,TS,Other,Spare,New,Running,Running,XVC1147U8A,XDR,B4,2*,5.70137E+13,126,126,126,8/25/2011 0:01,5/26/2014 0:00,4/14/2016 0:00,26256,0,0,0,94,,95,94.5,126,,,,37.00R57,MICHELIN,,MICHELIN
XVC1147U8A,8/20/2015 0:00,2831610,789C,408,4,2,94,95,94,,95,0,D,D,24450,71,Other Reason,8/21/2015 7:59,TS,Other,Spare,New,Running,Running,XVC1147U8A,XDR,B4,2*,5.70137E+13,126,126,126,8/25/2011 0:01,5/26/2014 0:00,4/14/2016 0:00,26256,0,0,0,94,,95,94.5,126,,,,37.00R57,MICHELIN,,MICHELIN
XVC1147U8A,11-04-15 0:00,2950334,789C,408,4,2,94,95,94,,95,0,D,D,26178,1531,Other Reason,12-03-15 4:15,TS,Other,Spare,New,Running,Running,XVC1147U8A,XDR,B4,2*,5.70137E+13,126,126,126,8/25/2011 0:01,5/26/2014 0:00,4/14/2016 0:00,26256,0,0,0,94,,95,94.5,126,,,,37.00R57,MICHELIN,,MICHELIN
XVC1147U8A,1/30/2016 0:00,3047316,789C,408,4,2,94,95,94,,95,0,D,D,27552,1374,Other Reason,03-09-16 11:59,TS,Other,Spare,New,Running,Running,XVC1147U8A,XDR,B4,2*,5.70137E+13,126,126,126,8/25/2011 0:01,5/26/2014 0:00,4/14/2016 0:00,26256,0,0,0,94,,95,94.5,126,,,,37.00R57,MICHELIN,,MICHELIN
XVC1147U8A,2/22/2016 0:00,3031399,789C,408,4,2,94,95,94,,95,0,D,D,27862,310,Other Reason,03-09-16 12:05,TS,Other,Spare,New,Running,Running,XVC1147U8A,XDR,B4,2*,5.70137E+13,126,126,126,8/25/2011 0:01,5/26/2014 0:00,4/14/2016 0:00,26256,0,0,0,94,,95,94.5,126,,,,37.00R57,MICHELIN,,MICHELIN
XVC1147U8A,4/14/2016 0:00,2937341,789C,408,4,2,94,95,94,,95,0,D,E,28702,840,LA HOJA DE CAMBIO NO SE LLENO ESTA INFORMACION ES PARA RESOLBER UNA SITUACION,06-08-16 12:28,TS,W,Spare,New,Running,Spare,XVC1147U8A,XDR,B4,2*,5.70137E+13,126,126,126,8/25/2011 0:01,5/26/2014 0:00,4/14/2016 0:00,26256,0,0,0,94,,95,94.5,126,,,,37.00R57,MICHELIN,,MICHELIN
XY2ARA055,9/14/2011 7:00,15092011,789C,408,3,2,40,45,38,,42,2.5,D,C,5187,134,DESGASTE TOTAL DE LA BANDA DE RODADURA,9/16/2011 13:47,TS,D,Scrap/Not Worth Repairing,New,Running,Scrap/Not Worth Repairing,XY2ARA055,Y523,HRH,68,57144000020A00,120,120,120,4/28/2009 0:01,11/27/2009 0:00,9/14/2011 7:00,36232.9,0,0,0,38,,42,40,120,,0,0,40.00X57,BRIDGESTONE,,YOKOHAMA
YVY1055L7A,8/20/2014 7:00,2373199,789D,434,3,2,20,30,10,,12,14,D,C,7534,391,DESGASTE TOTAL DE LA BANDA DE RODADURA,09-11-14 15:39,TS,A,Scrap/Not Worth Repairing,New,Running,Scrap/Not Worth Repairing,YVY1055L7A,XDR,B,**,57014000020A00,120,120,120,8/30/2012 0:01,11/22/2012 0:00,8/20/2014 7:00,33606,0,0,0,10,,12,11,120,,0,0,40.00R57,MICHELIN,,MICHELIN
YVY1075L7A,10/30/2014 7:00,2469958,789D,434,3,2,20,23,12,,16,7.5,D,C,8733,947,DESGASTE TOTAL DE LA BANDA DE RODADURA,11-12-14 9:36,TS,A,Scrap/Not Worth Repairing,New,Running,Scrap/Not Worth Repairing,YVY1075L7A,XDR,B,**,57014000020A00,120,120,120,8/30/2012 0:01,9/17/2012 0:00,10/30/2014 7:00,33606,0,0,0,12,,16,14,120,,,,40.00R57,MICHELIN,,MICHELIN
YVY1100L2A,09-09-16 6:00,6014275,789D,434,4,2,67,68,67,,68,0,E,D,19667,0,Other Reason,10/18/2016 13:16,TS,Other,Scrap/Not Worth Repairing,New,Spare,Running,YVY1100L2A,XDR,B,**,57014000020A00,120,120,120,8/30/2012 0:01,9/16/2012 0:00,01-01-17 0:00,33606,0,1,0,30,,21,25.5,120,,,,40.00R57,MICHELIN,,MICHELIN
YVY1100L2A,9/21/2016 0:00,6033990,789D,434,4,2,67,68,67,,68,0,D,D,19871,204,Other Reason,9/23/2016 5:58,TS,Other,Scrap/Not Worth Repairing,New,Running,Running,YVY1100L2A,XDR,B,**,57014000020A00,120,120,120,8/30/2012 0:01,9/16/2012 0:00,01-01-17 0:00,33606,0,1,0,30,,21,25.5,120,,,,40.00R57,MICHELIN,,MICHELIN
YVY1100L2A,11-04-16 0:00,6184533,789D,434,4,2,67,68,67,,68,0,D,D,20582,711,Other Reason,11-05-16 7:01,TS,Other,Scrap/Not Worth Repairing,New,Running,Running,YVY1100L2A,XDR,B,**,57014000020A00,120,120,120,8/30/2012 0:01,9/16/2012 0:00,01-01-17 0:00,33606,0,1,0,30,,21,25.5,120,,,,40.00R57,MICHELIN,,MICHELIN
YVY1100L2A,01-01-17 0:00,6302821,789D,434,4,2,67,68,30,,21,42,D,C,21566,984,DESCARDA POR DESGASTE,01-02-17 6:01,TS,R,Scrap/Not Worth Repairing,New,Running,Scrap/Not Worth Repairing,YVY1100L2A,XDR,B,**,57014000020A00,120,120,120,8/30/2012 0:01,9/16/2012 0:00,01-01-17 0:00,33606,0,1,0,30,,21,25.5,120,,,,40.00R57,MICHELIN,,MICHELIN
